Result: v,len(S[v]),len(covered_v),thre

165 0 0 2.75
165 1 3 2.74137931034
165 2 7 2.69642857143
165 3 11 2.64814814815
165 4 14 2.63461538462
165 5 18 2.58
165 5 18 2.58
165 6 22 2.52083333333
165 6 22 2.52083333333
165 6 22 2.52083333333
165 6 22 2.52083333333
165 6 22 2.52083333333
165 7 25 2.5
165 7 25 2.5
165 7 25 2.5
165 7 25 2.5
165 7 25 2.5
165 7 25 2.5
165 8 28 2.47727272727
165 8 28 2.47727272727
165 9 31 2.45238095238
165 9 31 2.45238095238
165 9 31 2.45238095238
165 9 31 2.45238095238
165 9 31 2.45238095238
165 9 31 2.45238095238
165 9 31 2.45238095238
165 10 34 2.425
165 10 34 2.425
165 11 37 2.39473684211
165 11 37 2.39473684211
165 12 40 2.36111111111
165 13 43 2.32352941176
165 13 43 2.32352941176
165 14 46 2.28125
165 14 46 2.28125
165 14 46 2.28125
165 14 46 2.28125
165 14 46 2.28125
165 14 46 2.28125
165 14 46 2.28125
165 14 46 2.28125
165 15 49 2.23333333333
165 15 49 2.23333333333
165 15 49 2.23333333333
165 16 52 2.17857142857
165 17 55 2.11538461538
165 18 58 2.04166666667
165 18 58 2.04166666667
165 18 58 2.04166666667
165 18 58 2.04166666667
165 18 58 2.04166666667
165 18 58 2.04166666667
165 18 58 2.04166666667
165 18 58 2.04166666667
165 18 58 2.04166666667
165 18 58 2.04166666667
165 18 58 2.04166666667
165 18 58 2.04166666667
165 18 58 2.04166666667
165 18 58 2.04166666667
165 18 58 2.04166666667