=========================
All first_branch. threshold 0.9
=========================
15142	21266	19168	4779	
2576	28675	19495	27915	
2346	8917	7872	
1395	5128	6492	
21522	18099	4277	17577	12111	15796	
22593	3137	20936	18684	
3698	700	12318	19354	
7180	11002	10159	
7023	18726	12440	
3137	5736	18236	12973	
7493	7058	1062	10163	
2946	23765	1242	14655	26217	
16518	17730	19168	16084	
9193	14499	28629	
10019	23452	16835	13147	
14661	12819	13145	
1995	28678	6211	
1049	3137	21430	
6330	22703	1606	
3813	20994	16993	
3755	27598	4779	
28403	1473	13657	
12572	20975	4716	
14767	27521	15135	
10508	23251	18317	
11965	1620	26031	
26637	25957	19126	
11201	22606	6347	
18805	14469	4187	
21522	1407	23293	27879	12111	
18183	2534	8568	
7657	12689	3590	14371	3420	
4955	4427	7172	
24172	11035	20888	
20326	15827	13684	
2903	22210	18082	
22711	27168	9080	
4295	4479	26997	24103	
2897	27838	17986	
13199	15336	20936	
3527	1315	21367	
16835	12104	20067	
16819	21522	18099	12111	27917	
21266	6250	4446	
5103	18099	12111	
12324	2832	9686	
19168	28213	4779	
11000	18749	20171	
9586	8882	6492	
2946	19315	4406	
12111	1407	23293	7043	
18277	14661	19180	5130	
6626	19272	6492	
16835	13147	23729	9699	
10187	28226	18015	
16819	12111	18099	15449	
8386	19168	16084	
19605	9024	27540	
17389	12114	12818	
13043	1375	13739	
23950	25751	16694	
16462	10429	15616	
21522	23023	4277	17577	
total MDS  339 with size >= 3 : 63
