=========================
All first_branch. threshold 0.6
=========================
15142	21266	19495	4779	
14705	2346	1388	
22593	1395	20004	
21522	18099	12111	27879	27917	15796	
22593	3137	20936	18684	
3698	700	12318	19354	
16518	17730	19168	16084	
10019	23452	16835	13147	
7493	7058	1062	10163	
17730	18236	12973	
2946	23765	1242	14655	26217	
7023	18726	12440	
11965	9193	28629	
14661	12819	13145	
22593	3517	21430	
27598	19495	4779	
6330	22703	1606	
23451	3556	26769	
21522	18099	4277	17577	12111	
12572	20975	4716	
18805	14469	4187	
7657	12689	3590	14371	3420	
2903	22210	18082	
5865	2897	27838	1153	
12111	1407	7043	27879	21522	
2576	28675	19495	27915	
22593	13199	20936	18684	
12324	2832	9686	
16819	21522	18099	27917	12111	
15460	2663	9391	
18277	14661	19180	5130	
22593	15336	20936	
22593	19796	18684	
21209	20758	19495	
8386	17730	16084	
19495	11618	27915	
total MDS  170 with size >= 3
--- 740.64842391 seconds ---