=========================
All first_branch. threshold 0.7
=========================
15125	16524	17345	16822	24334	276	11548	11302	6479	4822	7515	1519	26257	28212	19318	9331	21117	18731	16738	8378	11046	9987	10247	2213	1189	20307	19029	7508	16199	
19292	7803	1424	9294	12247	8624	2490	6295	3441	7991	16805	7038	27314	4228	17722	14131	16280	13807	25790	17410	6621	
21864	22507	12836	17987	5370	18081	12356	10284	20703	18775	7040	7024	6843	8020	26503	21836	4793	21198	13579	11372	11963	28497	26486	
14189	796	12184	2660	3758	5221	16395	7261	22581	21796	4515	15582	10920	3103	1759	15989	5686	21749	
996	25169	18723	20160	12928	21893	23804	5672	20857	1520	24962	3352	24133	8023	433	
23123	8511	15086	9264	1735	3945	2857	191	16372	12074	26373	7564	8132	11310	
19779	27933	26991	11181	13203	25654	6817	13749	25259	11345	8336	11714	18826	373	7724	19459	
996	18723	20160	12928	21893	23804	5672	20857	1520	24962	8023	9019	
996	18723	20160	12928	21893	23804	5672	20857	1520	24962	8023	28330	
20894	5110	5838	24614	18502	9797	22534	3279	16851	26234	19813	
28252	5672	996	
26501	20389	6422	
12240	28392	21267	25974	11550	2172	7992	16405	28480	5208	15599	5638	17240	659	
10417	16901	22113	12050	15160	3560	25643	5882	25119	5812	13424	12734	10441	12276	
996	18723	20160	12928	21893	23804	5672	20857	1520	24962	8023	28592	
996	16212	18723	20160	12928	21893	23804	5672	20857	1520	24962	8023	
996	18723	20160	12928	21893	23804	15356	5672	20857	1520	24962	8023	
996	18723	20160	12928	21893	23804	5672	20857	1520	24962	14145	8023	
28018	15287	13769	17988	13473	17222	25629	25798	21805	17419	506	11773	7826	13794	
5160	20040	7319	20738	20954	4478	12492	28324	26248	13236	12439	
14189	19654	25998	5221	15989	21796	4515	21927	7558	14306	1759	16395	21749	21216	
8162	1635	11785	19717	18199	24121	12644	25715	20004	21575	9035	23621	
27371	13198	7576	10112	20211	11064	1918	3073	5858	7906	
22258	2316	25813	19806	26345	12838	21319	
22117	7273	27372	23337	24062	6958	8577	
27257	26214	19253	11534	13412	5532	9489	16389	20869	28479	19639	
21888	13179	9739	4245	23345	16274	7766	3003	13426	2179	9590	10388	
16532	16978	12519	
740	8149	23512	22205	6036	19452	7004	8288	
26537	8175	26327	11813	5702	4504	25546	22678	26115	17380	5135	
2121	3886	24018	18317	14540	22344	27645	8788	12054	126	25911	12019	
22760	26780	25265	21228	19727	15360	19976	2174	27077	
20042	27694	9381	12497	9347	18091	1932	3964	10449	26348	5043	
16857	24808	9613	23915	3889	1534	9039	
1198	10337	6790	26310	5086	17944	19944	109	13359	6490	
17030	22459	26074	3833	26998	26443	360	4449	6420	22168	
21336	18950	9206	17351	1784	18929	9674	19908	1899	2652	27785	
15895	18969	19576	17471	9104	23538	13017	14379	25551	10609	3291	
15886	15369	21019	13662	10053	10198	25894	1595	25424	25121	28492	
2903	8754	22210	18082	
23511	10890	4910	13351	24734	20419	20109	9177	25746	
6820	16532	20226	5175	23820	2169	2387	14146	17744	12519	
13863	17544	6111	15845	9960	24581	27046	17647	20979	
27068	12870	11793	8067	27395	20854	23289	18374	10836	19682	26803	
12697	11000	18749	20171	
25760	11939	27128	6326	18082	27228	
25849	19376	21769	24929	
18941	9614	20840	5242	4567	22170	20108	14361	24448	16421	
14645	26305	14184	9117	6928	28674	8246	10221	
4366	15063	26995	18328	7210	14400	9087	20160	
23853	12546	9738	20583	28618	24908	25101	7014	
15744	25092	13837	21765	7060	28593	8410	27972	16546	
14962	20866	28691	24470	20808	10105	9018	2250	
18219	23843	12001	17388	9036	18400	3614	26424	2537	
592	6550	14735	24614	8647	11788	14613	
5951	21221	24178	13323	22321	17726	9948	
10532	9289	15637	22214	20495	7946	9953	12079	9867	13176	
27522	22568	15729	10730	25610	3102	19434	102	23421	11632	
12918	12681	3717	21975	14990	23219	703	18104	15427	13031	
13154	27442	25324	11681	12914	2427	28248	23440	12692	
22027	22100	4083	843	23073	3375	27225	21922	24891	17895	
4270	16764	24181	26250	1671	28658	25836	
3214	18041	23999	19545	3856	6742	11558	1752	8458	
27112	13776	25544	8936	9179	8322	
18787	2348	26274	12096	8301	28341	25422	2351	22834	28607	
14112	2648	450	13969	1472	28149	12424	27044	20398	
1177	16779	20717	24309	26114	25443	
3834	17634	19289	7510	12109	12085	3309	10693	17393	9888	
18836	21969	21048	18553	18846	24915	22816	1685	17824	3980	
14524	20159	22585	27699	12721	15290	295	17179	21819	
12440	10085	25206	9311	18583	11481	
1051	18687	17349	565	12647	26024	14449	16987	8012	25955	
11	10155	7052	12510	2666	8268	24272	923	6219	
20736	15547	12177	6202	22513	2070	8537	
1085	1488	21623	8207	16971	12815	6249	4653	15503	9633	
21527	19284	21024	23135	25581	22968	16424	27961	8407	
5750	19195	28188	21173	18966	23558	19848	4325	4443	11620	
27597	18486	5959	16977	22781	14444	6330	
26834	9358	26584	17569	4895	11298	13133	25244	21249	
20639	21741	17464	1160	12100	23698	1777	19849	23792	
1222	1617	23878	27776	23761	19894	13124	13828	8644	
2347	1947	1611	12739	21275	10775	28146	22396	
26140	14861	27910	18542	7983	5465	15588	23637	
4888	17570	28243	17025	1438	17335	17741	255	
10856	25088	2476	9533	6699	3089	22881	24548	
10137	24014	11513	18086	24912	22827	21616	18816	
14346	2321	24676	16656	12013	14292	7342	25287	17755	
14668	4184	12505	17343	1228	1484	478	
21931	14741	28685	12149	
12263	20127	3641	19751	9725	
6436	11742	14979	3066	13682	17244	14217	25344	
25286	26971	19166	13558	26838	
27015	18440	8648	
8222	16720	16667	18047	21556	10675	11337	5206	6162	
13773	6272	23601	1781	19368	5771	1255	6459	12136	
1212	28284	15238	25068	12297	5857	2716	
19999	8956	1931	5732	14861	
8078	24755	14291	24477	6314	12341	26329	17072	
23641	19145	14042	17215	
670	1375	13262	13043	13739	18814	
24262	22971	14438	11152	
10873	19754	8685	6711	28303	
14839	26964	3682	26412	26656	14216	
13154	12692	12593	12914	11681	2427	23440	25324	
27240	3568	24350	26674	22164	5930	
9248	17451	20164	4906	10391	16347	22131	
3543	10993	5633	12358	9169	13282	
21863	2904	3436	20785	8782	6729	16544	
784	15077	26796	14029	21533	8801	21372	3045	9828	
3689	704	15091	1272	2997	22074	17713	8790	25496	
740	8149	12315	7004	3855	19452	6036	8288	
3808	1157	3020	7468	21149	20115	13291	19639	
15893	26775	3366	2706	4049	1309	19421	
27106	12495	25067	24016	13665	21555	5461	
20708	23518	5718	26599	270	809	20970	13923	1513	
27762	27311	3274	20658	15350	6388	22837	
5391	12788	5777	11715	13050	4951	5328	14562	
12874	5396	25311	5525	3154	27617	224	14117	
22453	2595	16050	26509	19891	9483	25801	13211	
25185	17379	3385	27519	22234	27081	6876	912	
15959	12374	24518	25315	27234	4033	18573	6649	
28403	1473	14279	
6266	14035	4699	6650	10471	7967	24894	26295	
8087	18968	12459	17702	28126	16441	
26071	2206	7447	19478	27667	117	19789	20020	
6600	76	4934	1876	
470	27590	13776	3537	8612	
15744	25092	13837	7177	28593	8410	27972	16546	
1164	8423	21518	16650	25225	20814	25434	21984	
4097	1231	13612	23548	4709	12311	678	
21896	18764	28528	11126	25586	19784	10791	
3071	778	6474	
7293	21770	10896	6268	25512	2515	
22269	2966	23862	3095	
26501	206	7105	20389	
25180	23875	24061	27384	6906	14243	14099	
8555	28404	17045	28647	14577	12416	27549	14142	
15126	3578	21017	15243	12408	17629	14078	27079	
3488	21983	18034	3788	1149	10760	6363	
22449	18166	21918	3778	
1542	6263	8213	20845	26829	5600	25127	
206	14917	5738	
3577	12913	8344	
10085	25206	12191	18583	14155	11481	
24664	19012	18179	3252	13778	11125	9418	17671	
28032	5954	20632	27755	26689	9696	5929	
3809	12292	27011	8910	17162	26292	28668	
12933	27957	24142	14513	4172	8509	13557	
8224	27599	16098	23265	7033	6912	24920	
23461	7933	7373	4881	3178	12770	6218	
10415	26076	27651	23496	17063	7858	18907	
4829	4880	10987	26330	10188	12293	25810	
13702	16898	22345	28459	20995	12974	17891	
12536	13845	14407	27673	26478	24086	10877	
22440	8953	10640	14753	15354	13255	24657	
27446	19283	1708	23174	10953	28046	
26971	8210	19166	13558	
15200	19316	643	9599	11176	6919	6956	25388	
22529	5551	4689	2610	
3432	21551	20587	1666	17427	18709	
8094	9831	25467	22265	2824	23371	
26834	9358	26584	17569	11298	10541	13133	21249	
14946	27903	26452	13756	7683	298	20813	
152	4099	8099	15298	5973	19411	9863	
16341	2063	10707	1040	
13791	17588	2598	26000	16541	189	16095	
27227	24486	10357	24876	5026	
2176	11116	7513	14056	26909	
10078	28544	1275	20403	9749	17330	
24829	13077	4994	22814	10744	1882	6637	
7902	27733	11573	9540	
9288	3820	24913	16410	5507	25102	
5102	23760	11310	
26668	16893	21135	27398	
19346	22947	3541	2039	
7163	14276	11280	
19163	946	1130	19722	16729	23943	16718	24933	
16899	24504	6429	1333	21584	6840	5496	
7325	22625	22483	9895	28576	19947	11312	6167	
16330	28687	23770	27236	24319	9228	
8376	619	26145	1526	5844	25575	
4050	15683	17019	22361	5185	
3259	17995	4315	17525	807	7509	19536	
7443	13786	14949	27301	5840	21279	3894	
20699	6834	20234	12598	11127	15753	
7303	6759	6393	5547	17399	22300	
26455	12231	6303	21090	
22968	21024	23135	25581	12623	16424	27961	8407	
18206	21631	7215	14763	22426	
7155	6391	17461	1736	9	22289	23155	
14832	5353	4805	310	13838	18361	17010	
26897	25181	4396	8614	4486	13275	1009	22688	
8211	12353	17960	23149	
24181	16764	1671	25836	20654	26250	23292	28658	
21624	1303	18261	23246	27123	15101	
15778	2130	10858	
5826	23131	9229	16082	25806	16371	
11292	18430	9929	23874	24154	
12747	17657	8605	
6819	18366	72	8561	17643	21167	
11394	14190	24105	5079	10250	11219	
13395	3079	26894	27959	9908	
2464	8949	12040	3158	
14748	4722	6335	23261	3149	11313	
7242	4410	5330	12217	12979	10865	
11023	27894	26557	20135	17197	6619	2163	
9121	23079	20938	3676	15971	
5354	15961	26242	24871	22144	8124	
16797	18177	23276	2613	3851	
9322	23924	25576	
4758	27471	24342	24733	
23679	5125	8031	
2293	639	139	21170	21217	
5417	8273	10617	
10116	14004	15069	
27650	7520	7940	6255	15786	25548	1034	
5834	3388	25348	1469	25203	19413	5491	
3171	21188	16404	25098	20558	
19111	6497	20927	23609	28552	2839	25081	
24783	13643	11048	
8462	24705	9242	26669	26307	
26088	27360	23728	21526	41	
12143	22337	18743	27195	19824	
25328	10702	13309	2460	22116	
24119	1748	8319	21601	
18479	10479	18109	6705	26569	
11573	27733	27158	18656	
20205	25138	9975	7974	19740	7383	
2815	21233	23971	3257	25466	5962	
25923	19871	1564	27093	17842	
21412	12937	13700	13951	27828	17420	
3360	14999	6841	19744	20718	
3135	2263	6500	25945	
4732	9154	1401	20892	
18251	13522	20409	28088	8672	
11838	16038	22153	397	19952	14808	
27378	14563	4129	28003	
23867	24160	22217	13379	4542	19746	19578	
891	18719	7160	4674	5971	162	
14865	26318	14529	16515	24521	12283	13257	
5548	24356	3888	25381	12540	6799	
28054	21945	24066	21158	26104	5946	
844	2758	24221	18258	105	19904	15664	
26768	6784	6616	9947	16023	16713	24703	
514	24074	13334	737	13011	10755	
27758	14358	22508	15705	9463	4795	
23460	19840	4897	18635	5464	365	
12495	25067	13665	21555	5461	6317	
20446	9148	22442	2819	
15735	3389	11907	18278	21718	10447	
17574	20737	717	1988	4485	8783	28675	
18043	25707	24909	
7814	15089	9941	17172	12049	14328	
20253	13898	22367	9765	26119	26059	
972	26631	9429	19974	22246	23562	
3810	2553	19356	16852	7232	9490	
12409	19243	7600	16159	15752	9361	
9074	1146	792	8682	21926	28077	
8943	8992	654	5780	26924	12797	
20140	8235	7957	10583	27063	290	
15914	26579	7606	21419	25615	26100	
23735	19244	24621	24427	7382	6862	
25080	5304	10248	21277	5211	25347	
512	16528	22572	1939	17882	24932	
3948	24254	4619	18124	12975	17907	
4329	2180	2194	14052	25511	15274	
1816	12912	2701	19409	19001	11986	
13710	16100	13763	26126	24763	15515	
2548	25985	25087	19432	20015	22906	
10193	25655	20242	22151	17946	17004	
23356	21358	5057	10401	
15185	17596	27913	5025	8729	23229	268	
4435	22025	12677	4230	
27752	18764	28528	11126	25586	19784	10791	
5568	4924	11970	16171	16440	6366	
5064	7713	20736	9527	21294	2682	
14237	4288	7480	4086	12072	
10197	18955	26301	22686	5054	27796	
14775	13693	8395	5993	23987	22331	6171	
1095	6445	2631	21778	19426	
2211	28185	13094	18555	17775	21058	22918	
19122	1195	22838	4765	19221	683	
27815	14307	5645	7137	7609	
28066	23929	26448	18002	5597	
16921	15345	28078	23777	
19734	26766	19538	5842	27061	12853	
740	8149	23512	17310	19452	7004	8288	
6543	8047	613	6281	13396	20235	
27597	18486	16977	22781	18068	14444	
19605	9024	27540	
12731	8092	4780	
8621	24284	16075	26237	
27227	10357	24876	23920	16647	
16451	26490	1848	25660	13732	
13131	28050	27325	26982	
1162	21831	12699	25783	6223	3088	
8791	11170	20439	
13333	16961	11392	
16737	13306	20842	23654	25029	22740	
13880	27952	23210	7596	26725	12465	28518	
15313	21530	2864	25130	
214	14317	15180	16471	14196	27580	
11119	23233	22177	1092	
442	1318	16353	23769	15976	
26544	1683	6929	15526	277	
5357	15245	22765	28232	24794	
27527	7184	9481	1214	10003	
9352	16929	3111	21577	11760	14054	
16532	24741	12519	18991	13789	21243	
17777	4810	7012	3866	23614	
8149	23512	3470	
17007	11346	9372	3014	1531	
20581	15665	431	
23605	23898	7875	19765	28152	19660	
15743	12884	26983	15590	27600	7792	
21573	6190	14609	19799	26497	12795	
24405	23766	17601	11136	17734	28677	
12442	16525	12308	16651	28640	
26619	28424	2097	26014	6676	1030	
26773	20265	17522	
15907	27102	20907	4751	4992	17404	11138	
80	6795	9045	18256	
22656	23078	17221	19636	
20041	27936	22201	2088	28153	27570	
21434	3296	5666	
17969	25652	22216	24817	19701	4224	
14844	19178	9704	5305	
23363	22146	17385	21903	17198	
26925	22218	19132	
2323	6168	10072	425	3674	
14741	28685	12149	17973	
10105	9877	13	1927	
9143	5566	12509	9540	18877	
19009	7767	5259	
21828	9552	12591	26510	
23425	9257	5087	13177	7231	
6663	27733	11573	18656	
7017	11156	25995	15419	2949	
14624	27926	15587	14253	25023	22836	
17416	27664	13281	12538	7477	
3275	11674	22905	1548	25407	
25835	22260	17523	2116	
5162	1921	23184	8964	18108	15642	
19533	3737	12026	780	22503	
18203	5423	21887	6914	25878	27356	
13926	23594	11636	27183	18730	
24144	8196	7362	3023	19028	2758	
11274	4584	52	
18871	26307	9242	24705	
2741	17909	1314	21952	1716	
24682	20321	24411	14414	
1042	6174	18880	21499	
20591	22189	19736	16234	14025	
14651	6018	10204	27535	17938	
12481	16504	12672	
1119	10318	7425	350	
25343	4165	14820	1203	24318	
13588	22347	13919	20290	20987	
1226	20377	11414	27937	27691	
7111	21005	16479	2178	
24181	28280	16764	25836	26250	1671	28658	
7235	19563	18648	9475	
8087	18968	12459	27097	28126	16441	
2464	12040	8573	
27015	25117	23008	5880	
15917	5066	9604	
9419	13270	8535	22447	16939	
25739	13873	5316	8673	17832	3304	
3666	25273	11820	21394	8334	6198	
8286	20700	7752	26090	2830	
7990	18173	25605	18051	1888	
14857	4673	26556	5892	503	4864	
17543	3954	19759	18161	4498	
10475	13097	27078	3718	15727	
11852	26781	24378	1669	21511	
24262	10008	22971	1202	
10282	6968	6838	21620	23133	
24406	23636	20200	9720	
15171	12999	1605	21179	22678	
27271	14991	339	25749	12981	
9559	20151	22098	10219	10031	
13368	17974	12557	18931	1907	
26220	18314	10442	
10833	13007	6199	2084	19370	
26254	23124	856	582	22542	
1152	25533	21592	6292	15024	
3037	20037	24429	19830	10595	2792	
16602	16553	16383	3007	10125	15650	
8333	14363	1347	16295	22547	
4054	8236	23553	9806	26770	27636	
23787	21185	19657	4688	9518	
11519	9095	5034	18808	1332	22003	
8228	27397	1492	16013	24440	25618	
5591	23772	6690	19117	2434	
19198	11517	24674	10598	
28348	6751	13470	21808	9020	5938	
1553	8863	19212	25232	17810	474	
19059	12017	17853	
26457	14674	13715	50	5854	25589	
18441	18778	1291	4281	20008	
14955	23313	28398	18087	21824	
3438	6488	10796	815	
28468	13443	19610	27584	
17175	16589	11417	
4008	15906	17265	14518	20375	
26263	19489	16782	
5002	21498	1255	8404	8405	3194	
24262	15527	22971	5868	668	
11108	27902	14752	27463	
17760	741	4381	517	23296	
3891	15408	22755	15903	13495	
16975	812	8111	21510	7868	
22915	21771	21813	24311	18397	
9127	11977	17731	9439	27218	11311	
1887	27744	16318	4678	12405	
20114	25613	20524	97	1555	
18829	1435	27835	28350	
22159	8874	23291	16887	
8889	18617	7512	
11825	16332	1562	9096	10968	
23950	25751	19365	16694	
11410	4174	12287	28408	7497	
21202	2165	18666	10104	26914	
8912	24582	9872	
18350	20408	15919	
4084	9279	23655	13048	18418	14610	
20723	13877	27086	6192	8448	7476	
8085	8373	6409	27554	23612	20752	
25233	17952	26118	25963	24564	
3063	26475	9105	22943	
12895	19395	6837	
15560	2620	8808	
3209	7784	27613	10023	9979	
890	18791	20071	11277	13406	22406	
25489	8107	24599	17332	11638	
22629	9499	18323	439	
9270	22952	27614	24416	20430	
2587	18671	19646	
5785	14704	26319	8649	
23275	4398	16879	1284	
20392	7222	3449	9784	
27064	26332	9694	9072	18300	
27568	13925	5241	14274	
27186	14167	13830	6595	24345	
1828	28431	2262	486	4860	21214	
10622	5361	19076	28579	
22994	21466	463	6823	
21676	19400	2957	8868	14043	
2796	16952	23060	9253	1028	
17584	2913	18112	6748	10820	
23327	3610	9913	6206	17701	25950	
10167	28535	4085	21842	2092	
20924	21118	21554	27704	23439	17951	
7081	18140	1592	16643	27661	
27	18912	14855	
3843	27329	22586	11042	
14549	17778	1577	5035	2698	
18538	11282	25927	1856	
27015	26094	24531	
19884	20784	22528	12233	4937	
18284	5923	10873	26604	
8956	14861	2643	19999	26927	26922	
622	24519	21608	21025	
9456	20835	21529	26271	
20148	24241	7307	9431	
18101	1761	20465	8355	6395	
8736	6019	6521	6233	20870	
26632	17305	7948	6231	19480	
20828	18503	4802	4036	
24119	1748	456	21601	
19803	13678	15822	9761	
11949	7841	14891	3982	17433	
25949	4335	18524	5743	
11112	17672	14532	
13647	9705	16058	
7566	22017	9333	
7823	21618	4780	25540	8092	
20216	25583	14288	21768	
25123	25965	10267	
23854	14271	8267	15170	
21728	16206	21385	5017	
26306	27718	16474	8262	1691	
8005	27161	4986	
14265	8231	25921	21954	17594	
26351	3879	25016	20315	17673	
16099	8848	23731	23768	
5477	25608	17905	10486	
3483	17700	4774	22865	6935	
381	16665	23561	18455	16915	
27226	27547	21792	27716	
12877	8221	8197	6466	9277	
1744	24257	28559	15059	26129	
23722	21731	14665	3772	
2328	17949	4626	5149	
28690	27342	22182	4430	
9991	19196	26092	24426	7921	
1006	9848	15550	27765	18232	
9780	7720	13652	18396	28045	
8971	28085	24923	19074	9607	
22584	1328	4361	9598	6225	
22562	9558	798	18545	19345	
20043	20518	18432	9309	9557	
14787	20334	9509	27217	664	
12777	17289	9488	24788	14356	
15296	25620	13484	25100	9440	
10826	30	24026	9374	14915	
6351	20500	7042	15910	9332	
26005	20739	17002	9168	2927	
91	7517	25591	15230	1663	
10277	11506	9011	12655	23281	
9007	18149	14490	24341	2751	
1892	576	8346	8741	15262	
27363	850	26269	5306	7269	
8439	10420	19448	4644	25722	
334	8251	12909	25411	15955	
18804	26276	22692	8173	18937	
2036	24364	8014	21532	21447	
7977	1422	19674	25126	1399	
7315	6357	26197	27670	2520	
26456	16235	25519	7311	14322	
3665	725	12607	13234	21678	
6807	22825	6522	1135	18391	
13841	10593	6641	24500	18755	
10970	27551	6163	13583	12406	
6116	21384	20380	19767	23832	
131	11761	5744	3912	14860	
27701	16678	21857	22229	5603	
19619	10092	18678	2325	5444	
3467	25332	21213	5225	23526	
347	4640	2801	12903	22886	
464	4104	4135	10395	27623	
23677	454	22772	18033	1477	
11032	14918	4035	23546	17397	
3123	22165	26873	18517	19532	
11727	24157	28334	20084	28673	
17346	22031	16008	1743	28246	
11013	15094	11609	28238	24589	
23374	21661	2789	10514	25641	
12713	27595	2114	19943	18746	
22203	19309	21947	2694	12724	
26867	24575	17226	13108	26512	
1861	22288	12028	11074	25536	
16875	23817	2425	13010	13758	
1014	19046	16808	12702	23949	
15518	19165	11204	10117	23298	
23196	11585	18331	16128	15332	
11261	5927	12239	19980	
28641	9959	1176	
22916	6930	8205	19827	15104	
27075	2049	11214	3712	
10709	13139	23578	
20340	5109	20525	13159	
23399	9102	11279	25487	
23253	5425	18013	12548	
18005	13577	10722	27520	8630	
6750	14475	8795	7537	
4090	26794	7421	21087	
17801	21552	28	22574	20491	
17320	18568	19358	19373	
555	21382	1934	26831	10076	
19865	909	9160	13570	
11697	11488	22701	7693	
24868	15391	5523	22575	
5766	8198	13800	23956	
6927	28191	10175	
17319	16154	5841	
8948	2017	21212	10434	4524	
22997	4122	22004	
21853	21924	25786	21929	6045	
27573	7472	6681	
20730	28360	22458	20486	18148	5761	
26905	687	648	
8084	17828	4481	12238	
16467	23336	6585	5351	
2202	12494	11131	
17302	22532	4502	11054	20350	
4637	26898	2067	
1789	15319	13399	11435	
16837	7065	24620	7715	
6060	16674	25616	
6319	27934	2804	
3135	587	25945	2263	
2397	22400	27531	
4444	27200	5033	19795	
24990	17869	9914	16784	
10682	25429	21333	2985	
17113	17647	6111	20966	
21643	13516	11854	9183	17327	
2198	4289	20861	3124	
24375	12486	17256	
8049	26760	6134	22502	
6554	20953	21304	26262	
17812	24851	5627	
4894	16351	27355	
17392	18494	26900	19334	22094	
28326	13430	1509	20089	23812	
22674	26385	8598	
26184	7110	222	6016	
10365	11423	14003	8385	
15698	7266	10803	10300	
12444	13930	11557	20291	
8660	5610	4530	19523	
24836	8325	10309	
1443	16465	20080	
28250	8862	161	
2929	16765	21537	4231	
14541	27876	21461	19659	
15454	8073	11989	16823	979	
17588	16095	2279	16541	2598	
27730	7169	24744	17033	
23576	27049	418	20763	
200	9683	7758	15712	
21875	5537	13881	22211	11721	
17117	25086	10980	
19771	22012	21284	28001	
16277	27820	3003	27970	11709	
5178	27111	17252	699	
9359	9525	14125	6048	
18736	11375	11504	
11225	26528	28422	
11586	27806	16990	54	20790	
14351	14932	21773	6053	
14800	8163	17058	27023	
27861	26469	6593	17299	
11670	22719	10741	11703	
83	7712	15965	17432	11028	
727	185	26684	10630	
17924	2334	8593	16563	
22114	22186	14557	28394	16614	
16214	7280	9099	
7448	14345	24828	4999	
21088	17003	7639	18028	
6474	23551	23234	778	
10538	11671	11034	23666	
17038	16427	12501	5228	
2695	24537	12449	
6723	4213	5755	5488	
14552	18762	11158	17530	
13596	13125	6984	10516	15967	
22060	9362	6063	
2311	9804	26600	22107	
301	12161	1604	17961	
7426	19967	7503	
2404	5560	7400	25738	
2998	1323	19552	12787	
7283	26596	7082	28465	
15803	3667	19234	27692	11077	
14595	9591	3649	926	16913	
3306	27043	14514	10692	8485	
26162	8266	6682	6695	19116	
21273	7877	7575	2379	16017	
13852	1822	6256	22256	14197	
25508	21986	1468	5805	13959	
450	548	17234	1082	
23168	25535	11510	4342	2388	
2685	17998	4178	11114	16719	
21564	1904	27038	169	19647	
21007	15963	25270	2699	2513	
24640	1949	12208	25283	19939	
18171	21697	17899	15672	17836	
10034	12335	14824	16897	16337	
24351	20406	14734	19501	
22183	210	20467	
4687	1208	8451	361	
11587	9671	4110	5701	
19083	16944	1239	12209	
21765	2871	6504	12856	
27954	25863	16178	
12012	28594	15998	10566	
8816	18371	22086	25515	
1159	28375	20407	
13949	18547	27054	6182	
21139	24299	14747	10612	
9713	7761	10529	10168	
24412	8965	17186	
6915	2549	27066	
18121	8820	18839	26826	
24205	18610	2584	15201	11592	
16458	11584	10762	947	
7998	8497	15154	22815	
10228	20423	4564	
23172	23160	15195	132	
7548	9055	6970	
15733	14111	16680	19206	
24054	18928	21286	4198	
19412	15706	9970	
25698	13980	492	17859	
3391	17982	19106	14984	
27062	7864	3113	13304	22693	
10312	1269	11892	
28106	17347	25657	21296	
5485	21453	2856	
3904	25871	24298	27272	3446	
22676	9943	25125	15773	
15885	28682	4400	8429	
22975	4144	3112	680	
4298	9399	23939	
4929	8142	26706	
3184	13974	13505	
27204	9907	11370	489	
21669	26343	1512	11655	
14912	1417	27890	7215	
23208	10443	22438	27168	22316	
1722	27852	25255	27751	
9186	18202	7973	11570	
27129	3152	20199	21965	9116	
16704	13448	8975	3380	25360	
8503	21063	18712	19013	
24685	18531	22876	4574	
15738	2844	16144	4386	3394	
22366	3972	15929	17331	
6304	13779	3307	
12227	23827	23245	
10758	6589	596	
24772	21513	22910	
10480	4654	1470	8122	
24283	13529	26164	
13401	25224	10494	8976	17486	
10313	12687	19336	
17328	2744	3956	
9630	5692	16390	2047	
519	9517	9343	25280	
20520	19128	15188	849	
846	10898	10712	604	
4945	17898	17957	28695	
11224	2277	24224	11806	
9779	17164	18000	21760	
6127	10450	13887	16384	
3085	5855	16179	28290	
14441	13527	14856	15686	
7119	27754	17802	11107	
26715	22340	22645	
14081	20952	7620	3217	
18644	16573	10288	
3902	27516	28506	14500	16732	
7839	21184	23863	
24137	8719	4799	18998	
11991	23781	14151	
4561	14262	7134	15584	
9761	13678	15822	16840	
26229	15795	27103	
21434	2135	15066	
9757	6972	11665	19689	5732	
2432	6829	11031	9354	
16507	24134	27407	17894	14117	
12149	15463	15264	12046	27018	
13212	14461	1172	24984	
10488	20176	15406	2462	
23557	10496	24233	11891	22123	
13377	13292	14781	23755	
24616	15780	10501	9565	
19454	15270	5810	13846	
4180	2677	23014	12475	
28325	16015	22822	580	
19713	2574	9368	5372	
4908	4459	16793	28125	
11902	11083	12255	21153	
26843	17243	16866	19513	
7483	23552	27281	
13614	1396	349	18247	
16462	10429	15616	
16326	25349	3725	264	
8488	20	6464	25316	25882	
18122	14933	17168	13921	
3179	5604	4639	
14316	25516	15742	
235	4244	26687	
7346	6406	20783	18505	
28175	18533	21638	
25056	811	15571	1701	
25325	10101	7331	17873	
21183	24890	4424	5401	5493	
13084	21050	3777	14883	14160	
16044	3348	12041	21673	27769	
2191	20443	17807	21099	25050	
11018	1131	13610	11589	
23389	19851	25264	
2847	11340	12289	26134	
14405	157	6620	
12164	19655	5955	4747	
18079	1467	8507	
7641	12457	20901	
27185	18999	27880	22767	
11648	888	9415	5051	
13064	10577	3428	
5441	3811	26355	17928	10470	
5363	23944	27579	25467	
3690	14809	27338	25035	24592	
20797	28688	19043	22515	25257	
15943	14815	27647	2674	17912	
21358	10401	5057	11940	28219	
19034	8295	24745	18661	
3750	11228	2006	24604	
15271	1466	28188	20531	
24783	13643	13288	
5090	27028	24481	
3260	25843	13783	
20820	14846	26383	15035	
21504	2003	13322	17246	
27059	19060	6109	
12396	15613	20172	12281	25182	
25693	22389	5234	15265	
10318	7425	23911	350	
20766	14908	2446	19279	
21462	13660	4885	
7188	20950	20825	12388	
11069	24	19724	5572	
10211	4877	5061	7729	13716	
16150	14790	14195	
8817	2808	25898	24864	
18073	23858	783	
27537	13362	647	4241	
23734	13525	16454	16791	
21723	17762	15377	20967	
14707	14120	653	6548	
12205	19267	14647	12843	
14888	11301	9957	
26238	16870	15863	10465	
5460	7895	5257	1618	
20728	24021	12628	
15684	3630	3732	
22922	27133	8411	8732	
9977	28588	17132	15918	
12569	17129	25192	11521	
632	16935	10882	20358	
26747	21468	3047	
3341	27251	13860	
5173	20174	1078	12438	
21642	13744	9927	16210	
24966	3528	11294	
17628	21486	28504	7263	
14991	339	25749	12981	26011	
25179	17296	20705	
1493	466	27506	
898	15234	21009	
15065	17611	11010	22435	
24223	230	12989	
15447	25136	15061	26008	
24785	25549	14067	
16511	27459	11730	
25758	23054	21381	
20472	23484	9346	27188	
8184	24089	28428	4405	
23442	13492	14058	14206	
2200	18825	22804	
26839	24104	13741	
9814	24305	26883	10641	
9371	26111	778	712	
1799	20827	23017	9282	
19338	26058	25860	12533	359	
5223	24623	1996	27121	
27410	11315	17718	22064	
28028	21876	6411	
6077	28701	23034	
13205	2099	7717	4911	
13140	27501	11782	
6494	21077	15096	736	
17812	4724	5085	1499	
26926	13015	8664	28314	
6248	1117	4887	
25502	9576	24005	19758	
15776	204	16336	3125	
9652	9905	2125	10131	
12658	13605	3697	
6813	26396	4976	26202	
10408	18006	10045	
21490	23397	12670	18146	
2634	5908	13513	23849	
8212	18634	7334	
15820	25008	19756	
8544	16942	18467	
23319	6836	6605	
3151	10756	23633	
27155	21547	21229	
28228	17024	3516	1081	
18215	28076	21628	3132	
23090	24009	11791	
525	19668	18902	12559	
7276	18098	26328	
22479	5765	24844	4595	
22845	14016	18158	3990	
12053	9968	21891	20347	
10137	6954	26620	85	
2820	8028	10523	19709	
5010	12589	24963	6157	
27907	27849	4783	20815	
24562	14410	26677	1970	
18004	10812	18817	2354	
28370	11878	15837	22911	
14913	19048	27310	5554	
14174	25369	1195	
13853	13931	18182	
3193	19066	1331	15761	
27956	9570	1356	
1402	27753	2566	
1789	15319	5483	11435	
18365	24663	5187	
25703	6689	4684	19606	
22914	9380	4363	28145	
20252	16539	21326	13895	
15592	14750	26357	
21026	11007	6710	
5522	25201	17377	26150	
26400	15670	3410	6394	
24097	8273	5417	
13581	8363	6286	5117	
4690	20592	17756	
16223	23737	19807	3168	5208	
28371	28610	19790	7275	
7618	22883	1027	13512	
6509	21934	22343	
8125	15861	7559	
20832	21492	26902	16138	
20789	18987	25853	2426	
649	14221	17473	4721	
2776	1809	24714	
1905	15696	25455	19875	
26719	4069	8838	
16246	27640	16175	
11120	26035	25897	5535	
3940	23821	28397	
16433	9227	12840	
4440	15153	15012	
7661	3928	594	
4727	25161	23467	
11954	986	27685	
16720	21556	7152	11337	
13156	24553	27300	14179	
18654	6624	21512	19417	
20940	2943	16134	16094	
20612	23011	10995	10552	
15830	19088	11284	18172	
12710	27969	1074	26833	
7944	17478	2260	20376	
22152	16860	6308	
14075	2209	28037	
25506	21079	21043	
16610	28568	3850	23409	
2853	25831	2004	17779	
6916	27711	735	26498	
1688	7502	10058	
11713	8984	26892	7185	
579	12466	23934	
1305	3338	21923	969	
26430	25262	17940	19629	
9995	17156	25020	5077	
10114	20664	6094	23386	
19930	4492	14937	
26233	23247	23479	16123	
22706	11111	7020	8430	
27256	11043	16999	
20390	23539	5049	26590	
1204	22436	2382	17542	
9789	5452	16747	7560	
13962	27358	25571	
8408	27268	24887	11497	
12537	2246	5853	
24326	22149	26693	
24799	1451	21027	
24533	15930	9237	23382	
5770	21662	12	6331	
22041	19864	20233	
27040	22263	22499	
19591	5997	4141	10279	
17555	5398	8482	
6950	7880	3294	18345	
15502	28631	7489	439	
7491	21652	15136	3627	
19348	21840	4140	
18398	16365	13464	
19526	1313	12725	
4269	4034	15900	10108	
4916	5952	22993	23031	
2367	8756	597	6719	
21156	4420	22684	
8659	8771	17529	
12358	13284	6407	13282	
7009	11956	4703	19355	
7133	5909	21759	27989	
11706	27178	24646	
28075	23718	18326	
19666	15060	11819	
12176	9514	12210	12734	
18574	18259	7288	
8427	19192	21915	
15468	10385	12837	20697	
10387	2112	5	
26553	21507	27635	12728	
6148	11249	12274	22955	
24430	15783	9958	6283	
23591	5369	15150	17815	
4451	14344	25097	
6655	13174	7763	
13339	20551	13398	
4787	27921	3468	
13971	4356	9969	17757	
27732	17288	9951	327	
5605	14522	11358	991	
9843	25895	7151	22266	
9838	2377	17376	4076	
12235	9817	701	7323	
18922	3312	17747	9786	
5451	7191	9710	402	
17268	75	3555	96	
19475	28171	9566	12474	
17008	9554	25990	18089	
14303	9553	4977	1351	
27385	9542	20330	26102	
24792	9470	19052	19522	
20371	10949	9467	2185	
19397	2327	942	9363	
9384	22251	16071	8241	
20451	9336	20694	25094	
9304	24245	8352	26032	
19072	10364	2628	9302	
13659	10075	9301	23725	
16194	23825	13989	9246	
9191	25376	3554	8924	
4044	21572	9115	18290	
9061	6318	19080	7539	
2774	15619	8991	24968	
26065	8986	24680	2489	
4776	12155	8942	839	
8840	28310	23559	2384	
19634	8823	3798	24525	
12851	12498	8813	3660	
16313	17586	20911	8762	
12652	8697	3055	2963	
869	24037	23623	15192	
8683	23871	12477	16483	
8603	26903	23940	226	
8589	4558	16609	22788	
8588	7094	28400	25499	
8581	5717	1199	6506	
8575	21370	17868	19329	
5689	8570	15331	2090	
15598	14616	851	14416	
17531	7885	8452	12772	
27986	8354	10504	11657	
3230	22190	21253	8209	
8178	22383	20342	3404	
8096	4437	13013	16748	
8086	22207	14782	22514	
4471	10179	8043	27288	
14754	28022	8000	7086	
1418	14290	27922	7995	
23239	2888	28307	7959	
10621	25811	15632	7824	
22832	4509	22871	7745	
1336	4695	7667	24295	
2896	19392	7656	10548	
25004	26779	7636	14698	
14996	7528	10853	17454	
22109	750	1855	25449	
14382	23610	7430	7488	
18938	24826	7409	7224	
3084	74	23617	2310	
10994	7378	19986	17709	
26912	21364	10998	7253	
7213	15881	6632	20260	
16770	21307	7182	18853	
4294	22348	7173	12377	
24967	14147	7147	24693	
17356	20353	14920	7143	
23519	27413	22481	7135	
10390	15384	7085	18320	
27428	7039	3796	17064	
17372	12695	4061	7034	
28177	21542	7010	22521	
5941	23515	7	26435	
693	2891	21852	12249	
19344	27466	6777	6514	
23071	5660	6671	18076	
5045	6635	18485	3289	
24007	5655	663	17274	
20393	6555	21619	27179	
6503	5307	17205	5516	
13500	6450	19300	17844	
26565	18732	401	6438	
14633	6389	18449	26289	
6385	26526	3504	22829	
2987	24906	6375	19258	
10602	6342	12735	26994	
629	16988	21417	18437	
6184	24253	2602	21559	
24936	14425	3160	6123	
6106	1252	12088	17282	
12198	5819	14530	22750	
5767	28157	22633	17725	
568	23443	18686	21612	
11226	5669	23045	5059	
12042	25727	1383	5659	
21281	4935	10604	5400	
5382	3680	14851	14603	
15033	15303	15475	5365	
3746	26431	5317	15679	
14282	5295	18491	358	
5267	14012	3201	15225	
5115	17600	3383	14230	
5072	10759	18868	2999	
2106	26158	4508	4960	
4958	14576	13573	14670	
4917	16251	3987	3927	
11735	20025	4870	24926	
21540	4825	4388	23670	
4800	16809	27166	1598	
4261	11457	26061	480	
4537	1900	2884	12250	
14676	4458	14248	18094	
13006	13250	15896	4419	
4407	23455	19150	23038	
217	13751	4376	24547	
4123	23960	21157	20745	
19603	4023	20881	13497	
3922	1665	26571	19194	
3848	11268	28164	27787	
3807	16449	26261	11471	
21404	150	17971	3713	
3593	22951	18213	18190	
28692	3497	1602	14305	
13223	3130	17681	15181	
20877	2967	10599	16342	
2883	21487	27470	2500	
24526	28611	12664	1008	
24672	1148	16570	28475	
28414	17690	14047	21655	
15402	27941	24809	2120	
11293	20022	19092	27901	
27869	12762	17210	27560	
24410	11966	22870	27475	
27472	2373	2195	13035	
21053	18226	27362	23762	
25691	25978	26865	27289	
2110	27025	10804	24631	
26874	18669	12691	13226	
13280	26871	26446	25454	
26517	20540	26201	15359	
11883	26212	14793	13564	
20414	20039	26073	12122	
23528	2606	25570	15764	
19582	23086	25838	23913	
25826	16221	20604	10271	
21605	12919	25560	2160	
16566	24362	1811	17565	
22548	24073	22670	13165	
19876	24001	18044	17128	
20379	13004	15051	23084	
14101	22880	1019	20150	
20956	14256	22428	18014	
15666	11979	2159	15110	
21345	11242	14474	14717	
20887	18530	13423	16682	
20663	10361	1821	15016	
20385	18484	17488	14166	
1421	19770	14840	16340	
19595	14434	17847	14126	
17467	19101	10368	14330	
11045	18909	10240	15621	
14413	10787	13075	17042	
9897	26654	17087	
13034	1756	1847	11543	
24913	25102	10485	16410	
3618	22698	13083	16115	
9695	14997	23141	682	
11061	22726	26266	19496	
10761	28273	17614	
12507	26263	19489	6188	
1186	22356	25288	
10683	4234	1504	
24050	3444	5878	21084	
5969	1047	17005	13364	
20731	12859	19811	
5247	9048	18548	25290	
25681	13273	13345	
4612	9651	190	
21866	15891	10120	15260	
18620	26091	27971	26459	
17526	10807	1112	
28402	3442	7886	
7642	24252	19632	
19860	11689	16469	12340	
9192	527	22154	
24118	24706	9663	
23215	2638	791	
15657	20214	7925	22869	
15266	16377	26495	
18387	14229	11597	
6161	27912	12160	6430	
27616	26722	13914	
23646	18614	25640	10146	
18905	13012	16394	22073	
21255	16591	9411	17231	
5752	21310	14778	17527	
16269	14678	3293	
3787	26421	10344	
8204	8894	19019	
15551	8416	13196	
23324	28514	1590	
9685	27259	11904	
2936	17354	22358	28293	
12964	7652	17623	
6159	15579	6769	755	
17587	1779	14935	4499	
1166	8215	16497	26281	
6010	22196	208	
7089	19146	23166	
7046	3247	9172	
24921	8108	7285	
23648	3335	9764	
10166	18204	17336	
22250	26481	18638	
13191	858	7673	
27539	7546	1233	
3628	27021	7205	22376	
16902	21405	17020	
25672	23909	19600	
5440	25221	17447	10177	
12631	14301	14281	5142	
11918	21006	20643	24639	
20508	4816	21128	
4606	9966	16455	
3664	17209	3602	
8662	3139	21657	
28655	28073	15671	
15975	4128	18139	
2281	7481	22403	6599	
10815	16322	13102	
12428	23125	2915	
8066	22046	10652	18454	
23836	7876	14725	
19156	6481	23068	
15818	22995	10560	
13550	14605	67	
1919	21918	3778	
2516	12306	4073	28413	
3890	17976	16259	
24860	2552	11259	17123	
414	13255	10640	
3359	24055	12996	
8978	21380	18145	
23981	2378	8693	4447	
25071	9269	21902	19933	
23147	18737	27736	
6547	13403	10822	8946	
27653	19382	20166	
18399	2494	7887	
12831	4630	9618	5314	
9762	18012	16051	
6005	27660	17617	
10116	14004	27072	7403	
25660	240	324	
5569	28276	10111	
15421	20672	14331	
2749	22650	24236	
22604	26844	1909	
11262	6839	4139	
21108	16177	3536	
3870	22794	293	
21112	24919	27469	
19834	14257	644	
23671	20107	26750	
18025	28300	15165	
14852	19912	6376	
1121	3502	25498	
21247	3128	16193	
3243	9471	4915	
6270	1137	9056	
19155	22081	794	7738	
7866	7029	6432	
5900	21847	25887	
524	570	9405	
16345	4861	7689	22028	
26805	26931	8920	
3935	28477	2369	
8401	15765	23472	
10618	21259	5502	22842	
20688	20120	8777	
19652	27780	17326	
20867	3126	19077	49	
23995	24211	18267	
17677	11953	4600	15114	
16698	14123	13857	21392	
864	16677	15617	
25689	5508	16063	
10982	10352	15979	24480	
9942	16653	9676	13258	
12473	5809	769	
17724	5876	25045	12427	
12285	13496	15034	27007	
11622	25842	17753	24751	
11411	6031	10573	
27677	10839	10126	
7945	8093	17232	
4423	4982	24031	
22820	28430	13774	
27017	27172	23628	
19793	19852	1989	
5988	5628	20112	
4922	15530	20617	18223	
8049	26760	3157	6134	
22535	11606	28024	
11887	18615	24508	
25453	6826	20052	
14280	1517	8759	1389	
12437	5148	20254	7238	
11832	11499	20762	6008	
11531	2326	15329	
10768	7884	17138	
5594	19508	12698	
18526	14392	20981	
21076	10082	13950	
23151	8180	22713	
2380	8397	26259	13295	
19881	9507	24996	
25953	25855	17602	
23438	2228	7330	
5970	4843	6179	
18872	14439	20073	
14969	5044	7062	22872	
16684	11255	6771	14547	
25123	5486	25965	18174	
23245	23990	5419	23827	
27807	25767	8265	
1843	22769	10577	
3093	28215	12858	
21776	10855	11267	
17571	22101	12344	4529	
9524	684	15411	2894	
10178	13927	22520	
12225	2468	14049	17780	
6954	14277	26620	
5487	4203	25933	
5492	14209	17134	22582	
11509	14432	23213	3334	
2954	12358	3543	13282	5633	
26063	5942	18067	
4347	343	7428	
22741	14813	28665	
20646	21621	23225	
25779	2863	18988	
10330	5931	24117	
3531	21413	13712	
22093	1391	18768	
24705	9820	6029	
14658	8851	24692	25468	
7359	9421	23550	
177	19442	2491	
5222	15740	24721	
9262	13266	26662	13417	
20890	22791	4679	291	
19420	21309	12203	
12968	24139	6100	
8886	20779	13297	
10893	4666	10074	
8154	17277	13753	
21000	20920	24084	
1807	26218	5504	2079	
26298	13465	25833	
14097	17508	12393	
9563	7387	1834	
18178	22717	20301	
14632	4583	2294	
22422	8345	8421	
9041	502	11193	
27335	9260	24436	
23266	13671	2813	
11687	27693	719	
11108	22023	7915	
7209	21343	11283	
26299	1791	9299	
13878	9993	24493	13434	
1475	722	9404	
9323	25291	20134	
12483	4573	5120	885	
13078	8384	3897	10160	
22398	7828	8081	24819	
19051	11575	6967	25573	
12775	3872	6849	
11658	6588	26154	15134	
27860	6076	17418	12069	
5565	17805	27847	3754	
25992	22940	5031	
14129	4863	15653	7137	
12986	17245	24151	3880	
25602	19065	3535	15718	
289	12032	18643	22600	
18248	2889	14420	16817	
22649	4511	28374	25389	
20387	2829	21274	
25538	20263	27994	2257	
27175	13093	2066	2009	
25637	24854	10303	
20511	225	7602	2544	
13593	16108	23349	25351	
20819	24638	20635	20983	
19576	23538	2218	24258	
3682	24079	19187	1325	
15611	23368	23525	19644	
11532	2332	18986	3653	
22540	11664	14654	9996	
21016	19404	12476	
133	12560	19481	26437	
14442	18896	17292	19714	
18734	7118	11599	17689	
13490	15338	11602	
12138	11556	25356	13442	
21444	20498	17135	
16505	21418	21953	
5899	9673	14591	
9320	28410	25247	
9775	20153	10098	
18692	19897	14488	
6340	4082	25939	
7256	655	12835	
20656	14329	446	
19896	9028	25874	
21373	13770	27543	14795	
2331	12892	13811	
2100	19879	25218	
28063	17748	2362	1593	
11202	417	19133	27663	
15681	24742	4078	
4318	17424	21409	2126	
20311	22530	16488	
28294	5794	10572	
6216	558	3542	
23794	6648	20113	
28114	26009	16397	
2259	11849	21054	
749	21424	5028	22330	
4888	3466	25099	17741	
16797	23277	19466	2613	
15680	14491	1438	17570	
20054	23314	22969	
366	10018	17279	
23477	6577	26365	
4837	28320	9001	
5751	23713	27867	
15654	2908	1968	16220	
6943	27897	20964	
13905	26225	3064	
10069	18357	18663	
15836	8939	27173	
1458	10625	17723	
1140	10632	22187	
5937	17914	27529	
26384	21388	9070	
19366	27992	2026	
17280	21563	23026	
24013	17650	16711	
17496	7208	10044	
4025	21239	25281	
1941	318	28358	
28155	22588	23087	
26679	25289	20787	
26096	12869	16126	33	
3313	5606	7280	
3041	3398	13488	
15048	25839	18515	
9896	9544	16227	
3002	21482	4043	
4056	22206	6027	
1652	18220	4702	11187	
11757	8828	7976	
20777	14226	9813	
13651	13976	20475	
7707	10339	12610	
22667	20352	1277	
26474	45	20145	
24238	19955	2278	
10629	19469	10696	
2190	4883	16552	
27396	9862	16012	
23462	20713	9802	
13005	9141	8571	
26007	8744	3324	
13376	13063	8310	
2230	21782	8090	
23312	10093	11890	8033	
14264	16847	18042	7794	
3715	7757	5893	21491	
17096	6850	7678	
26539	3776	7069	
11200	6798	3244	
6519	23547	20327	
6378	3239	17286	374	
57	19217	20880	
5636	26955	12267	
13718	5582	13578	
17578	22322	5480	
13320	17010	5397	18362	
10392	1070	4375	
15638	23107	42	
10215	3967	25464	21476	
16741	3916	2245	
15091	1272	3558	3877	
10042	26610	3169	
28599	20168	21075	
2809	26649	17111	
2411	12805	28009	
12456	27497	24310	
27132	26393	25685	
10657	16448	2619	
15478	26026	13803	
25027	25886	9435	18954	
2072	22489	23122	
20521	16561	1259	
17144	1348	13171	
9305	11801	5140	
27680	1769	4221	
16392	19880	13303	
19761	28560	3082	
18598	26506	1066	
3997	1094	793	
22946	6221	16225	
23829	13177	23425	
23101	2045	18160	
25307	18453	304	
6639	25807	4243	
15514	24975	23629	
26361	21466	463	
11935	16568	11240	
2570	12102	232	
20483	9067	3564	
28013	16622	27092	
25242	15833	24159	26802	
27099	23384	1346	
23301	21122	15956	
25500	26821	8393	
2419	13790	5699	
10763	9602	22054	
2811	1738	7153	
20437	2702	4205	
24464	21538	23639	
11466	18274	2251	
10369	4668	17267	
10511	22729	8560	
20669	956	18469	
945	2719	26976	
6209	18266	5992	
22862	25107	18861	
19215	10889	10955	
3683	13123	27453	
18599	20536	8186	
18862	13317	9925	4491	
4189	9561	20538	
9446	22309	19038	14525	
23309	8811	7950	
8179	5008	1845	
21176	8056	20333	
8048	15227	10182	
1394	15704	804	
8037	6354	23435	
18233	23140	7230	11141	
7197	11984	20009	
5327	6952	26538	
3608	26419	19662	
23414	28444	10481	
272	28288	22317	
27851	27349	27048	
18475	11955	27808	
27783	22590	14884	
20010	26673	12067	
21677	26482	23401	
25914	18022	12398	
21639	23192	24250	
23649	19739	2336	
1681	10373	23422	
12185	22315	14626	
19377	14185	19259	
16085	14431	18058	
1916	20597	4058	
14473	22158	22083	
14909	7901	23445	
23692	3493	18311	
649	23704	4721	
19667	15072	26568	
25768	9662	17829	
22643	12629	18820	27574	
10592	12273	2364	
12876	10914	26646	
5381	628	3847	
966	13391	28193	
17178	17137	14085	
4235	12549	3146	
14211	10435	4305	
7616	12517	24767	
11650	3415	15800	
2282	25686	12758	
15874	23405	21414	
27700	9548	14779	
8834	22958	9484	
4629	9201	23111	3793	
12701	8547	11306	
6194	5413	26101	8159	
18856	6765	13560	
28565	5945	18851	
3854	22128	13520	
25386	12169	25867	1051	
25763	23423	24462	
25754	22999	23702	
13475	25522	25550	
25202	20293	20761	
24617	21390	21810	
134	27328	15875	24408	
10941	13708	22782	
22707	17927	11728	
11957	14320	2041	
19524	10129	14319	14150	
13748	19229	1462	
1254	11720	15531	
5275	13248	10375	
5721	5843	28653	
22247	11844	21104	
17537	8484	23942	
21668	13531	16162	
17466	26230	18447	
14889	6557	20578	
3804	1017	5957	
21865	10670	11572	
18921	2865	21701	
12885	15713	2573	
14505	26037	28575	
3646	17590	14986	
13956	3025	1903	
21722	13697	13493	
24227	9284	4474	
13719	27192	8821	15002	
21606	6451	8076	
9852	7820	13606	
24694	758	16814	
15793	6262	20514	
537	15408	16176	
13720	19905	2168	5156	
16244	4931	22646	26406	
19740	24045	3716	
13588	27304	20056	
20126	23080	25675	
11288	25042	24619	20156	
15797	24296	17835	16790	
1203	20539	112	
1852	1535	2754	
15458	179	16470	
23220	14191	1180	
13101	2646	11401	
7169	24744	11085	17033	
24212	8320	16769	
16297	23512	6734	16632	
26626	5113	12399	
22889	4665	20523	
1568	337	25298	
20401	10520	27654	
24807	25435	16652	
25149	21611	20937	
1869	18163	24451	
11642	22375	20923	
12754	2187	15277	
4562	16496	27898	
11276	26560	22161	
13169	2597	2077	
10252	17493	14477	
11973	25644	6413	
23338	24419	1381	
13514	13110	28062	
18949	24320	21142	
18060	14680	14384	
14484	17511	22066	13289	
25830	4125	28671	
2709	16616	21078	
25044	13534	7645	
7001	6013	15856	
12204	13444	6214	
5786	13571	27047	
28572	24961	5629	
353	21489	538	
4898	4746	4788	
11604	12211	4651	
25226	23896	4476	
18960	3791	15871	
10818	3579	15113	
1083	23420	11884	
10649	14214	18506	
24358	19555	24952	
7002	266	25191	
12875	13115	23315	
12667	9026	15749	
5587	3246	25342	
18286	5161	12135	
6372	13996	9846	
21711	10006	18142	
18480	25879	15452	
3548	12458	13796	
4605	10678	14105	
11339	12230	16695	
14381	18898	4	
26849	10189	9519	
15470	21354	8557	
3526	12585	20505	
26004	1687	1449	
2147	24032	1079	
14314	1190	22860	
14363	16295	14622	
24194	20799	12584	
23872	15866	15928	
7631	11775	4489	
15223	18333	1413	
25531	21907	9636	
28619	23271	2733	
15055	12130	1432	
1991	585	12275	
28380	15199	4359	
19697	4300	3673	
16925	16810	11427	
13650	14699	13808	
7074	11491	18591	
8118	24574	6338	
12360	5143	2337	
20099	2656	22793	
23715	20192	26507	
25248	27891	17977	
4237	9393	9963	
4752	6129	7385	
2641	702	13615	
12248	1150	6527	
28168	12337	2048	
17661	12150	8261	
14124	23050	4683	
17931	9438	15808	
11786	24178	16139	
17166	14774	9296	
3225	7399	22835	
24027	3030	6889	
17189	4871	20998	
22956	4352	18874	
10259	26835	23564	
15656	24065	16478	
1724	13143	14688	
17830	19143	20299	
27709	25603	4418	
9894	12651	13381	
7247	20420	21735	
17003	5367	14374	
13866	28030	19620	13471	
14029	16167	24471	
19607	11530	9092	
5982	20287	823	
12027	22105	3190	
13728	2137	2318	
20366	8138	26414	
975	21682	25037	
390	7951	24747	
16519	27925	13676	
17099	26758	1549	
14926	1445	12752	
23350	20684	22362	
4484	5284	27347	
7889	831	7206	
17364	11880	9196	
18996	4077	24959	
1829	21804	18337	
18984	24896	3867	
26721	8689	5975	
20744	24949	5967	
13805	4832	18974	
25794	28011	11594	
26729	10292	7158	
24790	3874	15480	
15626	18429	7357	
10753	6702	27245	
15286	28648	17017	
2760	22304	26586	
2635	14565	1433	
9858	14026	12878	
22901	26205	25775	
24778	2528	12823	
23947	17901	11541	
23599	14418	17686	
27929	3354	14308	
27378	14266	26806	
16054	12534	17972	
5000	4438	27001	
28689	18225	24943	
23959	18670	21679	
28093	9407	12957	
6495	24704	20948	
13940	23787	21185	
9954	15352	2138	
8064	18752	24841	
25547	26122	14114	
1895	25164	24905	
15058	18781	24234	
5125	18011	8031	
21300	5739	1728	
873	21402	20404	
2103	27659	26810	
10354	2274	21481	
18217	13227	21598	
3973	25463	13216	
20564	14093	9587	
9025	1726	11964	
12254	87	12294	
27578	25912	7071	
20968	22002	4421	
19801	19467	15211	
2269	26152	28569	
26597	980	8487	
28019	17595	2075	
9906	20882	11373	
27050	27085	7329	
6033	23169	27030	
22742	3656	7259	
4611	3422	23796	
3012	13353	2435	
26783	14876	13044	
1719	2518	6022	
2154	7706	10191	
10026	15838	7259	
6355	11461	1145	
15375	5653	5589	
21570	7698	14545	
2833	13717	15978	
7360	9737	12056	
6645	5408	17273	
2498	4891	12236	
26682	25446	12931	
6285	14223	6726	
26408	23536	2216	
19742	13301	13572	
5836	1614	14634	
8065	9741	993	
560	18154	27764	
27918	9666	5769	
16973	10433	27440	
16767	13988	12047	
27738	7248	23207	
16542	16625	992	
15216	13690	11708	
22696	3704	2360	
21363	21827	14899	
24338	17490	20607	
18135	19645	8302	
7271	3255	13995	
9278	15769	17051	
18503	4802	3662	
2684	6592	26665	
18884	16050	3499	
2670	24629	18165	
1084	14035	12822	
22142	7216	26657	
10307	13111	5681	
13850	19832	5536	
20990	17394	10542	
10647	2078	10748	
26050	27626	4520	
19528	3236	22048	
17549	15948	9910	
13553	7190	23941	
17996	4150	24549	
15690	12904	18272	
4526	23756	9569	
432	5498	9215	
20588	26562	4647	
22571	5574	9809	
23429	12934	24400	
3328	9709	5426	
8426	577	15992	
7246	12005	8046	
9120	19247	6697	
4607	13047	21964	
4109	19288	28679	
19147	3951	5060	
28317	28617	24091	
21831	2834	1162	
27534	2786	5358	
13848	27476	18774	
22273	3050	27013	
21729	23089	26732	
13509	21095	26697	
19854	10650	25132	
24550	23726	27713	
20186	23448	25634	
22512	23383	27374	
22672	10962	17754	
14387	10615	2214	
13618	16985	21349	
10275	20288	19184	
18857	3589	15556	
17875	3162	9644	
24541	17217	10633	
16116	17254	22565	
15962	11157	26819	
15689	24770	8595	
11121	15543	24557	
14718	7112	21338	
2268	1365	22728	
17305	12407	19480	
25141	11959	19925	
25645	6825	10903	
10886	10931	11683	
10842	24707	9373	
16982	22569	1589	
10841	5729	3969	
13402	5303	2618	
28564	2551	23285	
14584	19772	4712	
5007	3695	5290	
2484	16881	20434	
16872	27169	11600	
15144	11143	7249	
7912	5324	2933	
17472	12635	25694	
10091	25227	8038	
22857	24312	16286	
6709	15014	5193	
28270	14728	13779	
875	2235	20129	
10672	18822	637	
13529	24675	26164	
12581	6325	27620	
5082	12174	17688	
227	3620	14950	
6125	428	15529	
5623	6293	25776	
24542	4556	16853	
21930	22826	23653	
26669	17618	21199	
27437	21791	4696	
2645	22050	400	
3574	3073	28549	
9198	12237	25523	
6865	11591	19398	
8307	406	1902	
5584	15641	11038	
2280	16828	15574	
13113	6747	27839	
22749	292	14751	
20932	14638	12151	
15250	25209	25674	
22132	27632	9972	
9965	7985	6485	
21457	18561	987	
8898	8554	9787	
9769	10910	6112	
27058	9717	22828	
9716	7048	3044	
12603	24495	9669	
23996	9654	21159	
26439	1179	9643	
21411	27834	9637	
13576	962	156	
9615	14342	11631	
15994	10749	9593	
11837	17915	9592	
9583	3547	1103	
9573	9326	11012	
2413	16949	9530	
8070	9486	12619	
18129	10130	9449	
12827	943	11554	
21816	18780	9392	
9378	24294	21151	
9350	24722	19822	
9321	20629	25335	
24524	93	24337	
14088	21003	927	
17208	5096	9259	
9249	4789	5849	
16339	9225	1329	
14426	9223	25832	
14625	26582	9208	
11908	11698	9202	
9156	19984	20202	
9113	27603	1223	
7919	9065	7084	
9060	24198	15446	
9059	14792	7262	
9042	6785	19728	
902	17863	19599	
9014	16161	11595	
8999	23967	25850	
6370	8990	12716	
11877	8958	5966	
1132	16165	8951	
252	10805	8906	
8905	6374	12764	
14567	15990	8903	
19	1102	8854	
14572	24413	8830	
22988	8781	16343	
8770	20395	3648	
1016	8714	4663	
10783	5147	8709	
11300	28197	8696	
868	13326	27485	
15762	8665	1246	
27174	16446	866	
8646	13559	1122	
13889	17516	8622	
14157	4120	8542	
25263	15991	8518	
19308	2437	8496	
27719	24501	8436	
1335	842	17871	
15348	5676	84	
23809	15364	8389	
18683	8364	26882	
8350	10463	16799	
27565	8329	23597	
21312	8311	782	
8306	3729	3498	
23410	8297	7026	
18048	8292	28255	
2365	6154	8244	
21206	19401	8216	
1032	8208	7037	
26277	28551	8176	
8170	26143	11564	
13185	8166	22595	
23899	8153	10631	
8143	25143	23991	
3996	14869	8069	
8053	15092	19435	
803	7563	26252	
20222	799	27672	
4088	19339	7954	
22071	6973	7943	
7905	12417	18883	
7888	18958	28261	
3885	15445	7860	
16586	7832	28154	
7817	53	25070	
22276	779	19874	
7777	2143	28070	
17750	7774	21795	
7658	23708	3345	
7638	20506	22204	
3322	7628	14872	
18673	16361	7599	
7565	28323	26344	
7553	19032	13953	
4195	24357	7525	
751	5472	21672	
11779	7506	23822	
11205	10147	7482	
7469	12693	20068	
18224	19458	7451	
7437	22747	28417	
28427	7419	21971	
336	7410	24945	
7370	25492	14503	
7343	27800	6762	
7302	15974	574	
7272	1977	4828	
4839	7258	12720	
19946	7234	13033	
16564	7225	6146	
21211	7211	28181	
26193	7202	24897	
6873	7201	7104	
20187	7200	13181	
15553	26133	7187	
18105	2860	7186	
7175	20245	16005	
12420	7174	18983	
7102	20453	10956	
7092	11738	16760	
22592	7054	28282	
7051	15784	28315	
7022	24979	6085	
7021	26433	3709	
27052	6990	6659	
20838	6953	19371	
1155	6917	17521	
6907	15482	26888	
28195	27002	6901	
27964	6895	1406	
6887	28297	19257	
201	3036	6860	
18790	4763	6859	
5430	1783	6851	
6821	17133	2717	
6775	10734	18636	
1696	21034	6772	
18575	6763	21583	
6745	15041	3407	
10870	25771	6736	
6692	19022	1572	
6675	27424	22231	
667	388	20096	
19859	6642	17712	
6612	15342	4577	
25951	1800	6597	
6583	5728	5922	
28176	11150	6575	
656	24291	5479	
24825	6491	21654	
6482	12850	13916	
6453	22663	14433	
4569	6434	27181	
17593	3576	6396	
6296	27196	3196	
11230	25971	6228	
6177	10613	26363	
5469	6152	19011	
6138	12570	10016	
15461	12152	6135	
16543	6133	3	
18343	6074	21055	
18953	5990	14135	
20780	5958	22573	
13600	5948	24822	
21901	5925	18131	
5886	19690	1002	
22925	12564	5875	
10490	58	18865	
22429	15209	5783	
11705	5775	12575	
1453	3631	5754	
15925	21883	5644	
10115	563	3200	
5494	25893	24246	
17139	27566	5471	
19903	5453	21755	
18657	5421	3652	
24955	539	19691	
5362	21260	23993	
536	10651	23394	
5339	17758	16118	
11137	21700	5286	
19274	526	25802	
12861	19427	5207	
5146	24507	4507	
5050	3101	3182	
10963	25909	499	
4988	10553	26929	
20256	11063	498	
21874	16025	4973	
4939	11166	23299	
14927	4892	26705	
4846	3495	23416	
16046	26255	4840	
473	22241	13730	
472	22810	27698	
4691	11135	23921	
469	15504	2930	
19969	468	16263	
4656	24409	4223	
13788	4624	3766	
23749	4553	19512	
28204	24414	4544	
4513	27893	24698	
2770	1271	4501	
4452	24450	20565	
11374	19977	4439	
4422	13936	21855	
16687	17520	4374	
4365	24438	23964	
28267	4355	2651	
3164	3181	4348	
4321	17692	19547	
14022	23463	4287	
4246	2981	16989	
24879	17223	4238	
421	144	25915	
4181	28266	11933	
415	27414	23447	
3395	20760	4119	
16151	20030	4102	
4079	27656	376	
12350	22538	4072	
23881	3981	12018	
25966	3959	17414	
19322	16856	3876	
3849	26850	20198	
3780	21892	19056	
3779	24090	10697	
28311	20965	377	
19966	18860	3748	
3726	12791	17041	
14245	14842	3723	
19833	3677	20381	
3636	25994	23403	
11873	18304	3571	
3475	12062	15431	
17278	1036	3469	
3321	28337	18253	
20384	1193	3240	
10736	3233	17738	
16882	321	18460	
24653	3065	28071	
28681	28242	15894	
17638	21416	286	
16734	14154	28563	
28536	2383	23081	
27831	28435	13585	
28241	13574	20276	
19063	14923	28190	
22620	10667	28182	
11203	13521	2818	
14182	28163	14050	
13834	2748	2816	
28133	19418	22433	
24180	1496	28123	
11672	19086	28122	
23740	24603	28096	
25459	28095	13215	
16626	28092	26627	
10745	28057	23493	
28048	17609	20996	
13028	18061	27916	
19679	23202	27882	
17820	21588	27881	
27850	21165	10445	
19182	27788	26006	
12778	11386	27772	
18989	23279	27743	
27702	22962	21861	
16460	27682	19866	
27652	14355	19424	
27631	12792	16408	
11724	27526	149	
16778	25671	27477	
15304	27462	10234	
27370	26169	14128	
27350	18564	15695	
15659	26247	27180	
27176	22790	11974	
14896	10586	27045	
19936	24723	27035	
16888	27016	16107	
23088	20489	27000	
22775	26974	26057	
2696	23302	14569	
26870	15368	11914	
26841	1552	16957	
13393	26784	10032	
14332	26776	17118	
20038	19233	26743	
26702	10063	21582	
26615	21604	1414	
26577	2	17851	
23703	14055	26536	
26533	2193	25846	
17016	1997	26356	
20603	26302	18815	
24953	26278	18245	
26168	2001	21143	
2616	16067	10888	
26036	25413	16517	
11382	21133	26030	
25084	25937	1431	
20560	15517	25883	
13188	25869	2027	
14777	11160	25845	
14570	25808	2131	
25714	17438	18523	
18134	12392	25631	
2561	151	17151	
25503	11809	16196	
18116	25414	17386	
1550	1634	25405	
17846	16402	25373	
19935	25296	17428	
10464	12520	25278	
24193	20778	25199	
25167	17573	16812	
17194	17053	25095	
20191	10790	25047	
10936	24989	1020	
10274	18407	24729	
14677	24687	20985	
24576	11695	20383	
11542	14116	2453	
11233	24482	19228	
11804	21049	24237	
17613	12947	24228	
11633	1740	24196	
19102	12493	24185	
24124	18368	1427	
16200	2201	24010	
23973	15280	21694	
23969	13349	21937	
23902	16135	11350	
23855	16042	1276	
12718	20417	23659	
13766	23061	23615	
23613	18347	1946	
2350	20507	11997	
23495	2240	10301	
23458	16574	15353	
20750	2341	18696	
13913	15279	23278	
15252	23259	19567	
13324	2314	10322	
21353	12656	23085	
15958	23062	1482	
21670	11899	2306	
23057	19708	22902	
22939	11128	1000	
10885	14713	22904	
16800	22899	20382	
2015	2283	17532	
15393	22527	16756	
19516	22501	13933	
18691	14034	22476	
2233	13990	12312	
16312	13562	22299	
22272	19171	12729	
13242	21739	21950	
10555	21814	13261	
21746	14027	12634	
21710	11932	18674	
11326	21636	18020	
20517	20060	21590	
20278	13619	21503	
21493	16432	1052	
21074	11611	20710	
20590	20836	10924	
20557	18640	10468	
16668	11876	20466	
19769	11912	20455	
13049	13862	20413	
20372	11701	16780	
18698	1586	20101	
15867	19630	17094	
11123	11976	19611	
18759	12596	19602	
19436	17408	15276	
19425	10728	18990	
19375	13149	16534	
16969	19341	1361	
11227	18720	11508	
12199	14637	18302	
1279	1785	18292	
1489	18189	17061	
15254	17865	13675	
17603	11179	17658	
17074	11464	17576	
16979	16594	13928	
16950	11917	15167	
10140	16858	16658	
16846	16011	15523	
12226	1219	16744	
12386	16623	16379	
16613	1412	12431	
12990	15496	14409	
15340	13394	14238	
10717	13069	14898	
10715	12826	14841	
14760	14136	14458	
12256	14691	12330	
14516	14143	1080	
10141	13252	12566	
11734	11134	1129	
11968	2886	18212	
21311	770	23616	
13363	4260	25432	
20774	19431	7684	
27949	12011	19386	
9219	20465	1761	
2407	11970	5568	
11362	18764	11126	
21618	8092	11130	
8522	3456	13869	
16640	8727	18924	
2563	840	2782	
22824	275	4151	
21246	22563	11845	
27886	23565	25378	
13609	259	5204	
7859	24187	28548	
28104	5622	12765	
25740	6897	17781	
8552	9903	4821	
24095	153	20283	
6712	12784	28642	
23789	2582	9523	
25761	26267	6118	
3837	10543	20979	
13233	22920	12309	
16845	19438	15196	
27734	6280	25999	
5779	6939	26842	
15951	21801	22040	
27895	8259	19306	
17569	9358	7796	
17777	3305	4591	
19474	6104	4927	
19450	26893	26527	
7650	6275	15615	
11740	6933	4183	
6363	1149	5879	
14553	27359	7672	
16463	23953	27071	
18552	26862	23185	
28393	8831	23113	
22448	25473	2368	
23643	19007	10455	
13162	26349	25989	
7053	15939	13922	
4249	7818	1109	
9727	14296	24985	
4312	2912	4979	
27605	4745	350	
13603	25621	4091	
5654	13099	9044	
10116	14004	25982	
15240	24658	1937	
7926	18521	27203	
2978	10626	5703	
9236	1684	19733	
5252	3167	3999	
3207	18090	9458	
25699	26417	6277	
19718	11139	16733	
6806	528	22954	
25970	22318	23256	
2667	11008	24567	
571	6589	596	
13643	23928	24783	
23585	4298	9399	
2033	4298	9399	
22328	1739	27502	
20452	14968	2676	
4641	10729	3839	
14489	16956	8032	
23876	187	18155	
278	26413	12331	
21651	23370	4616	
22090	7007	9426	
12839	2217	4339	
12976	9967	11598	
2206	9935	1657	
8516	9664	21439	
16195	3818	9424	
24568	9243	14207	
9199	3061	10999	
9164	7647	21011	
16416	9136	21445	
10376	9112	19497	
1353	20626	8686	
16222	16420	8543	
5414	8045	24099	
24902	24929	6874	
6572	11726	16688	
14139	12799	65	
25834	6498	25261	
21268	2263	6381	
9949	6224	10946	
3319	6213	4625	
6124	18446	21428	
21035	5869	12188	
5438	9062	19351	
534	3668	26460	
1601	27366	5166	
20528	9076	5058	
4621	1940	1944	
24239	4162	22912	
20468	2545	4143	
3563	5812	10226	
1623	22310	3301	
10848	2880	11736	
28600	11192	16612	
13661	24197	2838	
7640	28309	23167	
15767	25569	28269	
20042	18409	28167	
25967	27948	2296	
10262	215	27505	
27499	10996	8872	
18115	2480	27452	
19379	27392	14789	
2739	6707	2403	
14620	11835	27280	
13327	18799	26716	
16729	19163	26280	
26441	20432	26270	
25680	919	19328	
18242	5947	25566	
9628	25406	19592	
1187	25275	26830	
25268	15873	9009	
15281	20764	25174	
14817	24870	25249	
20130	24651	8944	
20481	11196	24556	
14448	27840	24530	
23376	2438	24474	
23678	23413	24092	
18341	2608	2390	
23010	25393	23077	
11850	20749	23039	
15090	6767	23022	
24422	19159	22907	
19260	13390	20026	
18416	19167	20833	
1732	11613	6989	
17236	4833	14761	
11895	9250	16237	
13290	15141	16600	
26309	10418	14010	
11477	13446	11478	
19410	22591	24186	
28391	8410	28593	
3500	25320	9785	
9121	16182	14313	
5643	2298	22709	
9397	15067	7494	
21658	13241	8269	
12050	1796	8103	
20845	22853	7869	
19502	6684	4190	
6646	27400	688	
4946	531	3521	
20733	4614	2904	
13602	4232	5275	
320	4394	3803	
3773	12671	25924	
26304	3356	13674	
11133	25706	11307	
7004	1144	24570	
22067	22689	20989	
18773	18945	11257	
5355	18788	24466	
22861	19125	9103	
3921	36	17616	
19653	25623	5200	
3472	17119	1787	
total MDS  6744 with size >= 3
--- 1142.46361303 seconds ---