15142	1815	19495	13331	28502	21266	4779	
13307	14705	2346	1388	8917	
22593	1395	28678	6492	
21522	18099	19842	12111	23293	27879	27917	15796	4798	5103	1407	8289	
21174	10151	19537	5144	7023	9300	
26290	3698	700	12318	19354	
19763	5128	17821	6492	
18792	8507	10159	10009	18079	7180	1467	
22593	13199	20936	18684	1049	3137	6742	
24172	11035	13776	20888	10233	21169	5619	2375	21288	9040	
19495	2576	19168	11304	28213	4779	
18236	5736	17730	26359	12973	21613	
7058	7493	1062	10163	21280	17811	26227	
19315	13918	26468	15457	
21517	19323	27296	22488	28503	3419	
14655	7277	26217	4826	4406	19315	1242	2946	23765	
1620	1635	18199	11965	9193	20004	3001	21575	9035	5698	12181	
20067	12104	13147	18757	16835	7236	10019	9699	22739	23452	23729	
25402	13145	14661	27478	18844	3920	12819	
4930	10151	4847	23834	9647	
26854	2455	302	14972	5475	25213	11938	
26359	8386	17730	19521	16084	
15969	21408	4160	
22593	13199	21430	1049	25744	20936	
15064	15325	25155	6733	24787	9647	
5067	19495	11062	26652	6629	26769	4779	
2554	16513	1606	6330	22703	20003	15376	12346	
9263	3813	20994	6618	16993	
26997	19495	27598	3755	21266	4779	
26820	25113	25058	
26637	24600	6090	13657	
21522	18099	4277	19842	17577	12111	27879	27917	5103	1407	8289	
1793	21517	27138	19506	9334	
28050	8181	26982	120	13131	27325	
26290	3453	4475	26637	
19389	28140	27575	8760	23209	
2932	15792	26749	
753	26329	6246	9390	
18726	12440	7023	24859	27189	13934	
7413	5144	2706	22736	
6235	2890	15597	
4716	12572	13617	20246	20975	4345	
17440	14767	27521	21125	
16857	24808	18317	23915	10508	23251	
13141	5342	12010	26391	3001	18821	
27805	26973	862	21114	8640	
11965	1620	12181	26031	12022	
4404	21452	5412	
26804	6809	4182	21878	8980	
4512	7413	12433	18487	
1995	14357	26671	20218	6197	28678	6211	
1366	28503	17921	22108	
18040	21025	14555	21397	8853	4204	
26135	26637	25957	19126	17037	
11694	23651	13103	
11201	22606	2686	8418	6347	
15098	10423	2271	26098	
10979	26219	20034	25380	
25403	11076	1310	
3148	26804	1704	12346	
7314	11016	5824	22341	
20674	19842	9134	19621	17704	17079	7894	28490	
7960	3284	21613	28629	
7579	25078	28543	21745	
24058	16391	3738	10685	
7799	1841	24101	16211	13982	
24025	13772	23293	26884	
6828	26084	27101	
17733	5657	13427	17633	
18805	19290	14469	11384	24114	4187	
25526	24724	29	1871	
18315	20685	24148	27423	11920	198	
2607	4163	19608	27561	14178	15376	
14983	15220	14422	19746	
3250	651	3454	4771	
16518	21266	19495	4779	
4202	6175	18298	20711	
21174	18184	7963	
4444	1387	27200	5033	19795	
8871	14931	22022	
6392	19639	545	
21234	9886	25836	
2673	8960	15449	816	
9085	21114	26235	
2002	10666	24017	21093	
7228	17055	15667	
16292	13313	14333	
25488	20839	5457	24691	
14183	16419	11916	
22394	16941	20908	3932	
22485	7052	15339	20400	3001	10861	
19495	2576	27915	2534	28675	11618	
21174	6576	5144	18754	
14178	4163	22934	
10508	23251	24808	3344	21038	
5230	15539	8296	
27473	7044	22457	
23231	5773	11758	
2239	3590	12689	3420	19236	7657	21809	14371	
8907	15047	24636	
4408	23676	9543	2175	10930	21580	16242	
28252	996	20160	24759	5672	16299	
21266	18612	6940	4446	
26290	26866	8957	6492	
25973	10461	20189	
15133	13533	10814	
28546	19559	15825	24443	12034	
14315	9274	23387	21881	
732	4955	14862	4427	7172	
21002	1224	8749	
9129	21266	22155	7511	19415	
4604	19688	25902	
17411	23211	17886	
15829	3556	28119	14921	
22593	9263	18684	24114	6618	21634	
20326	10892	14121	15827	13684	
21448	10048	17334	26593	
2903	25760	13319	11939	6326	27128	22210	18082	27228	
27708	22711	27168	9080	
27371	3887	10881	
19384	12543	2783	8061	
14228	12033	9089	
27666	23143	5075	
1969	17986	2897	1153	12259	5865	27838	
13963	24277	2086	27980	
22593	3581	3517	18684	26135	
21522	19651	1817	
17786	5687	25652	17204	
9608	13119	14838	
25	7651	7769	5280	
19506	21397	22636	6945	
22593	13199	15336	20936	18684	19798	9866	
22117	7273	27372	10974	23337	24062	6958	8577	
18287	901	20554	24660	
19726	15427	918	
8021	6360	21215	14590	
6054	15703	26761	8929	
1315	5989	25350	14325	3527	21367	
5226	4455	8443	
10431	1029	28432	19495	8949	
6983	15542	16112	
7799	27843	15561	
26754	26645	23922	
2542	16160	16825	17212	15789	
21324	3450	13854	6007	
22980	24697	27269	22492	22721	
8988	16861	10460	27812	
15427	28231	424	
10151	5144	28351	23834	18259	22125	
9222	1971	16148	
24713	24947	11442	
8927	3263	4890	13164	
26856	15465	21562	3110	
21463	6792	5683	19444	
24428	2607	3337	
15887	3861	3074	2416	
4283	27798	23919	
7741	21166	10370	
4923	12372	13565	19953	
22593	14499	19796	18684	
23924	5611	24797	978	9322	25576	
7535	5736	18684	
5144	10151	22773	4037	
1537	16484	25337	4689	
22950	20309	6246	
2455	27296	11654	15505	
18325	27950	815	25851	24684	
14192	5914	23513	4836	
1979	26685	27070	
3249	22124	15027	
20674	19842	9134	19621	17704	19707	17079	
25545	9212	13331	569	7336	
13937	25254	5131	4137	
10039	25910	12116	
5964	8691	5005	
9464	9626	8950	
23393	14293	11867	3638	
27761	13662	10198	
22593	10474	20004	
23828	14456	15339	15824	3199	
18940	706	5904	2633	
4664	24381	1026	27863	4475	
25665	17636	8356	24057	
281	2515	21737	
22629	9499	10162	
11515	10831	13899	
22593	11965	20004	21068	
15933	22593	19796	18684	
8287	23965	25932	
3195	5383	24108	
22908	3637	18338	5448	21995	
27378	4129	12038	
25796	19495	21681	
22039	11080	8655	
26299	1791	12478	9159	9299	
9686	2832	23452	12324	
25482	12080	27822	
20461	18287	19665	18594	26003	
2965	19808	6533	
20674	25899	9134	19621	2819	18585	
5541	17566	4852	
18668	3454	9232	
21449	4406	25054	199	9585	
15580	27252	26227	
25091	7122	1871	
13867	18252	2497	25418	
12697	11000	18450	20171	26282	18749	
6582	18651	4327	
11343	1995	24387	
9353	20086	9306	
26290	10269	16101	2039	
5417	5184	9138	1873	10617	10497	
4354	26908	8449	
18497	16722	25816	6090	24848	
6828	10500	24650	24517	
9298	1810	24715	
27110	26079	17333	5385	
12789	26848	6618	17141	
22694	1974	25718	3000	23974	
2330	26359	8740	5529	25078	
19290	14469	20577	4187	
14579	761	17495	
21013	24614	16851	
17987	5370	11963	6843	28497	26486	
1018	6111	7296	2104	
24573	8131	17220	
5047	24779	9389	
10251	15327	24229	
24070	2900	396	
1569	21234	3831	
1620	27290	11965	20004	3001	5698	12181	
8243	9614	27242	
4357	20300	2386	
7938	18313	16999	27256	
9133	21924	15407	14690	13392	
28102	16316	23053	7299	
4303	17314	12960	4274	
27521	26731	15135	
838	19530	1338	23149	
18474	13552	26046	
2689	12973	2427	
15460	12043	2663	9391	8131	
21585	18036	23262	
23417	17011	14048	8513	
25854	12124	2236	
2046	9218	13634	
21517	5823	24020	
10562	19195	28188	
12572	24108	16774	
21908	5858	9089	20211	
19779	14550	22121	
7163	15123	14276	15658	11280	
20661	24459	17212	12506	
23778	4045	21685	2065	
23150	20657	2687	
23127	4297	13920	
12658	25578	13605	3697	
10046	697	10028	20457	
2846	15995	12678	
26501	5617	6422	
23802	27875	5541	
23813	22243	19682	
8841	14469	11384	4187	
23451	3556	16435	
11653	8533	19451	18895	
24995	12104	601	
9964	13221	24063	
24725	14862	1523	
9586	8882	17821	6492	
27917	21522	7411	25178	23771	
16819	21522	18099	19842	12111	27879	27917	5103	23293	8289	
12111	19842	21522	23293	27879	4798	7043	5103	1407	8289	
28403	1473	14279	10997	
21266	6250	4446	7227	
9119	24278	18169	
25269	5713	16597	
22593	13199	15336	20936	18684	8529	25744	
11707	14153	6492	
21686	5575	4779	19270	15268	
11551	24883	13973	
18495	14661	19180	19312	18277	5130	
6626	27138	20146	19272	6492	
4279	28134	9540	25565	19105	
7413	2706	10326	7666	
17607	13872	588	
14956	14877	1995	28678	6211	10442	
27019	11304	13371	26738	
11383	10280	20044	
15187	24877	21972	
5736	26391	22509	12973	
21039	309	6871	
2576	21209	20758	19495	14386	
263	20572	1626	12825	13253	
5144	22125	15000	
23741	2572	13336	
10187	28226	18015	15648	
24515	16902	21405	
26360	16635	22801	24544	
14875	25404	27250	
7719	155	27707	14297	
7023	4475	12481	12147	
15832	25864	23711	
9766	17821	6492	
7221	4585	26473	
6976	12807	1170	
7189	6660	2252	746	14485	
8149	23512	22205	
21736	26550	14985	12915	
7023	21174	5144	10151	23777	
4295	28502	26997	4479	24103	
12679	13494	265	
26427	22099	13312	
25646	121	7850	17484	
19506	21517	2795	
22449	18166	21918	3778	13709	
19605	21193	27980	2086	13723	27540	9024	
2785	10782	4503	
22593	13199	15336	20936	18684	14368	
4698	15904	17793	
17389	12114	12818	27170	5237	
27198	16360	11739	20655	
13350	24114	10685	
554	27138	2956	11287	
26834	17569	10541	25244	22756	
3562	13701	21977	13802	
19290	14469	13466	4187	
4033	19170	4327	
670	1375	13262	10935	13043	13739	18814	
22529	4689	5551	2610	
26790	5121	870	
14642	24172	11035	13776	20888	21169	5619	9040	
1832	21288	18719	14972	
12709	10508	23251	
236	1993	6242	14375	
26864	6792	4047	
1876	4934	26854	6600	76	3095	
11381	8592	25066	11638	
22908	26968	19020	
4457	4547	25155	
26960	22446	22463	23407	12433	387	
27227	24486	24876	23920	5026	
22133	6288	25065	
26217	4406	1242	15576	2946	23765	
2771	28556	1867	
13331	21266	2661	
21956	5537	22935	25597	
1273	15863	10465	16870	
9535	27433	7612	2409	
2946	23765	16069	28284	
1745	444	9283	5167	
77	5144	10151	
22138	16078	10676	
16592	6455	24842	13340	
24684	18325	25962	2831	
15778	2130	10858	
24816	25744	20936	20298	
26217	4406	1242	5857	2946	23765	
25001	11680	24588	15365	
12111	18099	19842	3832	21522	27879	5103	23293	8289	
1960	24481	21546	
25502	17730	13506	
1537	16484	17735	
13948	13053	27443	16596	
1620	5835	11965	20004	3001	5698	12181	
17424	7243	2126	
24172	5619	13776	747	20888	21169	11035	9040	
876	8776	7277	
23163	15127	24761	
21517	22599	18316	
8358	22147	4904	19746	
15788	3882	7929	
8926	8763	11185	
12128	20207	17694	441	11153	
20753	26219	3238	18181	
10453	11323	1875	
12572	19261	4345	
3445	23266	1274	17073	
21434	3296	15066	5666	
11965	17717	1620	26031	
11050	12747	17657	8605	
27593	3942	1062	10163	15246	3187	23958	
26391	760	5736	15443	12973	
13790	11035	24172	21169	10217	9040	
947	11584	10762	14673	
26359	5529	22897	24130	
22923	19189	24572	
10170	16886	23938	
15423	14701	15526	
4100	10151	16387	
11474	10151	5144	
27316	15220	25975	
23377	9926	17	
15385	8789	8260	25009	
10004	21793	15422	
17977	17615	16493	
23950	25751	19365	10082	16694	
9697	24107	6779	
19058	16926	11707	11676	6492	
16554	14527	9416	20909	
17334	16462	10429	15616	
18	14537	5736	
20929	9507	13903	
6090	12798	25954	
1133	5817	18528	
15927	2589	581	
19495	2576	19213	13331	27915	28675	
27241	16325	17834	
22593	9263	18684	15846	19796	6618	
24309	25851	24684	
9774	4955	14862	4427	20082	
23679	26290	5125	8031	24301	
1680	12830	11206	
25616	6060	16674	7810	27812	
26445	1378	25054	9585	
9329	17719	27979	26235	
19506	25213	14972	26854	11295	
23924	13868	24797	978	9322	25576	
10580	7840	14227	
22593	26135	3994	
11853	13263	19509	
11201	13703	300	16545	
19604	5991	10050	
9328	2359	28615	
12499	11684	13485	
4163	21116	14178	14340	
11172	7418	10061	5456	
19999	8956	1931	28652	5732	
25619	17707	15633	
12358	5633	13282	10993	3543	
4787	1514	27921	
7836	9501	22615	4550	
1762	22421	28012	
14278	18867	13684	
17122	21266	14323	
9825	20674	2819	18585	
12186	16088	23434	
28591	11171	21821	
9547	3900	14835	
5280	11614	25	
17888	8640	23112	
15494	7413	5144	18726	
16855	1747	14140	
13683	5604	13670	17785	
691	19537	25370	
11410	4174	19642	7497	12287	
18798	18792	22895	
4847	3361	8281	
2961	8917	7872	
22485	26135	17384	
7023	18726	9167	4475	
22674	26385	8598	
22496	9692	16830	
26333	26084	9417	
967	19495	2576	27915	28675	11618	
20699	15938	907	11220	
10305	17334	14084	
17759	2576	25195	19495	
7728	21449	12809	
8639	14965	22455	
14661	7551	1168	21910	
18714	11232	19746	
9370	15862	26727	
19336	10313	15410	5760	12687	
25377	11753	5756	
5740	19618	13421	
4888	17570	17741	255	
2246	608	5853	
20067	11109	13147	23729	16835	12104	9699	23452	
10508	23880	23251	
11920	5391	20685	24148	
25764	7928	2140	
5915	1411	14769	
26235	16747	26921	
12075	18325	2831	
5592	12973	24782	
20765	23069	4087	
1386	20433	1324	
11347	3548	13796	
26359	13001	12973	
25194	10163	6981	
20067	12104	13147	23729	6536	16835	9699	23452	
4512	27552	13455	
5533	12816	2501	
22593	13199	15336	20936	18684	3634	
27573	7472	6681	
21097	17298	27057	
24889	12556	10454	
18934	18175	21868	
159	25758	21381	
17452	7570	1778	
27561	15376	14178	6328	
21174	20258	1969	
20906	16253	15148	28678	
7900	2576	27915	19495	28675	
4416	8063	19337	
23091	22008	7310	
5704	27561	2607	14178	15376	
26012	2994	15495	
22994	21466	6823	16874	
9130	20004	431	
26188	15647	9425	26235	
9450	28678	19349	
20321	24411	24682	14414	
8408	24887	5877	11497	
1142	26754	26645	14192	21191	
27305	7413	10326	
21522	19842	12111	23293	5235	27879	5103	1407	8289	
8822	24946	20090	
22847	21766	4160	
28451	20408	15919	
32	19692	25049	
10709	13139	23578	
18813	1043	27841	13082	
19495	2576	27915	43	28675	11618	
16705	22220	21114	
5075	20423	4564	
5736	17730	19495	17807	
23994	7487	3368	16329	
22183	210	20467	
12472	12273	11868	
20633	13901	1381	
17733	20480	2150	10801	10083	
24577	16127	10861	21037	
15259	8882	6492	
21174	495	10151	
27496	28577	3947	
24443	9918	28546	19559	12034	
24443	27500	6136	
13214	16464	17659	
26290	16101	22947	2039	
28432	1029	6191	19495	
16797	2613	3851	
22593	17552	18684	19796	
8754	2903	18082	21030	
4512	27552	5782	
16554	23607	23537	
1862	19030	4667	
20674	19842	9134	19621	21483	17079	7894	
21522	23023	4154	17577	26149	
7830	20925	20569	4482	
26070	18106	23119	
3539	21522	3096	
12521	1672	19444	
17812	24851	5627	
7845	1792	17948	24249	
22593	1049	7077	
25835	22260	2116	
16749	23592	2840	
11965	7955	1620	7166	
26637	18088	6090	
12572	4716	13617	11278	
21613	7473	12973	5736	
21736	26550	14985	6484	
19495	2576	3427	14386	27915	28675	
21449	28571	9585	
20674	23209	14864	19621	17704	
21378	7550	8921	
27271	339	12981	
16958	22061	4414	
2224	8285	24915	
15592	14750	26357	
26905	687	648	
28501	22226	14090	
18840	22593	6618	19796	18684	
7254	19385	19471	
27956	9570	1356	
23937	24607	18551	
7839	21184	23863	
12412	21093	4872	
15416	9281	27090	
16672	26174	5760	
10009	12959	516	
23787	19657	4688	9518	
13772	23293	21194	
11887	18615	24508	
13333	16961	11392	
1885	5978	6246	
16663	16835	12104	18757	
14661	12819	12683	18844	
14468	23970	17340	
2946	9135	6888	
22593	25744	9740	16941	
23099	9344	14366	
24292	889	7960	
11965	20229	1620	9035	
23381	7023	18726	4475	
18892	8640	6315	
5898	10591	19495	11618	
13331	21266	6250	4446	25442	
21736	26550	14985	21421	
1159	18811	28375	
4923	27138	13002	
3185	19269	19138	
19118	16070	28643	
1745	25189	444	
21266	3755	23744	4779	
21108	16177	3536	
17258	7122	1871	
27279	2132	5570	
27371	3887	2761	27390	
24172	11035	20888	21169	2375	9040	2535	
22593	6618	10549	19796	18684	
18018	3755	4779	
23771	21522	2959	25178	27917	
13949	18547	27054	6182	
19354	12318	27034	
3556	28119	17850	
1500	7277	24385	
25195	19495	2576	27915	14780	28675	
22593	5736	18684	9944	
24397	4116	28119	
5090	27028	24481	21546	
2659	25718	3000	
2776	1809	24714	
4479	24103	26997	17840	
23587	19289	8131	
1191	22785	25234	
5281	26848	17141	
22294	28345	10245	
3035	14862	4427	4955	
21300	7277	4340	
22593	6618	18684	28553	19796	
10150	14422	19746	
10761	25652	28273	17204	
19456	11645	23674	
5230	14064	8296	
3575	27805	19250	
21490	12670	18146	
11928	9686	12324	
555	26831	10076	
1402	27753	2566	
612	22561	10132	
11965	19218	2225	
24713	8792	3219	
1409	20227	10944	
12396	15613	25182	20172	12281	
12689	27683	28361	3420	
24542	4556	16853	
17391	26637	24600	
9263	9647	6618	18684	9034	
4081	12973	8957	
21125	27521	13060	
24982	26084	20734	
9298	19731	754	
14661	12819	5240	
8481	9647	6618	18684	
12514	26754	26645	
3179	5604	4639	
16752	8853	21397	18040	4204	
24616	15780	9565	
20066	2064	14375	
22593	3286	19796	18684	
18246	11945	7892	
21174	10151	10345	
19290	14469	28072	4187	
16354	4344	18570	
10187	28226	16413	
21174	6576	27507	
14881	3238	26219	
18287	15640	28423	20936	
24443	6136	19776	
5698	3001	6300	
4227	7277	4340	
21431	12973	21613	
9608	6196	21977	
15220	19746	12282	
9647	6618	18684	11355	
12727	27814	16941	
18714	8937	19746	
9201	23111	3793	
22593	6618	20147	18684	19796	
4512	27552	27486	
11164	2284	6128	
20890	22791	4679	
11982	25025	16358	
1517	14280	8759	
14192	27125	21092	
9298	754	27870	
22593	405	6618	19796	18684	
3527	28512	21367	
25027	25886	18954	
1159	28375	20407	
22593	13199	15336	20936	18684	10694	
4955	26997	19495	13487	4779	
22593	13199	15336	20936	12711	25744	
22861	9103	19125	
7021	26433	3709	
16460	27682	19866	
14470	1565	24057	
21736	14985	22884	
17664	20189	10461	
total MDS  2007 with size >= 3
--- 821.715728045 seconds ---