=========================
All first_branch. threshold 0.9
=========================
15125	16524	17345	16199	276	11548	11302	6479	4822	7515	1519	26257	28212	19318	9331	21117	18731	16738	8378	11046	9987	10247	2213	1189	20307	19029	7508	24334	
19292	7803	1424	9294	12247	8624	2490	6295	3441	7991	16805	7038	27314	4228	17722	14131	16280	13807	25790	17410	6621	
7040	21198	22507	13579	18775	20703	21864	11372	18081	4793	6843	8020	26503	12356	10284	21836	12836	
796	5221	15989	21796	4515	1759	16395	
18723	12928	21893	23804	5672	20857	24962	433	
17987	10284	5370	11963	6843	26486	
3758	5686	4515	5221	7261	22581	3103	15582	10920	2660	12184	
27933	26991	11181	13203	25654	6817	13749	25259	11345	8336	18826	373	7724	19459	
25169	18723	28330	24133	3352	9019	
8511	15086	9264	1735	3945	2857	23123	26373	8132	
12240	28392	25974	11550	2172	7992	16405	28480	15599	5638	659	17240	
10417	16901	22113	12050	15160	3560	25643	5882	25119	13424	10441	12276	
14145	15356	28592	16212	
28018	13769	17988	25629	21805	17419	506	11773	7826	
14189	25998	5221	21927	7558	19654	21216	
1635	18199	24121	25715	11785	21575	9035	23621	
3073	13198	11064	7576	
20869	19253	11534	13412	5532	9489	16389	26214	28479	
21888	4245	23345	16274	7766	3003	13426	2179	9590	10388	
5110	5838	18502	9797	22534	3279	26234	19813	
26537	8175	5702	4504	25546	26115	11813	17380	5135	
2121	24018	14540	22344	27645	8788	12054	126	25911	12019	
20042	27694	9381	12497	18091	10449	26348	
1198	10337	6790	26310	5086	17944	19944	109	13359	6490	
17030	22459	26074	3833	26998	26443	360	4449	6420	22168	
12644	8162	19717	
21336	9206	17351	1784	9674	19908	1899	2652	27785	
15895	18969	17471	9104	23538	13017	14379	25551	10609	3291	
5160	20040	7319	4478	28324	26248	13236	12439	
15886	15369	21019	10053	25894	1595	25424	25121	28492	
17419	25798	13473	17222	
23511	10890	4910	13351	24734	20419	20109	9177	25746	
6820	20226	5175	23820	2169	2387	14146	17744	
27068	12870	11793	8067	27395	20854	23289	18374	26803	
6958	24062	23337	
18941	20840	5242	4567	22170	20108	14361	24448	16421	
740	19452	8288	7004	
23853	12546	9738	20583	28618	24908	25101	
15744	25092	7060	28593	27972	16546	
18219	23843	12001	17388	9036	18400	3614	26424	2537	
10532	9289	22214	20495	7946	12079	9867	13176	
22568	15729	10730	25610	3102	19434	102	11632	
12681	14990	21975	3717	23219	703	18104	13031	
13154	27442	25324	11681	12914	23440	12692	
22027	4083	843	23073	3375	27225	24891	17895	
3214	18041	23999	3856	11558	1752	8458	
22834	2348	12096	8301	28341	2351	18787	
3834	17634	7510	12109	12085	3309	17393	10693	9888	
17824	21969	21048	18553	18846	1685	22816	18836	3980	
14524	20159	22585	15290	27699	21819	295	17179	12721	
10085	25206	9311	12191	18583	11481	
565	12647	26024	14449	16987	8012	25955	
11	10155	2666	8268	24272	923	6219	
25544	8936	27112	8322	
24181	16764	20654	26250	1671	28658	
1085	21623	8207	12815	6249	4653	9633	
16424	25581	19284	22968	
23135	27961	21024	8407	
5750	21173	18966	23558	19848	4325	4443	11620	
22760	26780	25265	21228	19976	2174	
17544	24581	27046	13863	
26584	9358	4895	11298	13133	21249	
1222	1617	23878	27776	23761	19894	13124	8644	
21741	1160	12100	17464	1777	19849	23792	
10856	25088	2476	9533	6699	3089	22881	24548	
8647	592	11788	14613	6550	
14346	2321	24676	16656	12013	14292	7342	17755	
1228	17343	12505	1484	
6436	11742	14979	3066	13682	17244	14217	25344	
25286	19166	13558	
8222	21556	11337	
6272	23601	1781	19368	5771	6459	12136	
1212	2716	25068	12297	15238	
9039	1534	3889	9613	
8078	24755	14291	24477	6314	12341	17072	
13043	1375	13739	
4366	15063	26995	18328	9087	7210	
14112	2648	13969	28149	12424	27044	20398	
9248	20164	4906	10391	16347	22131	
784	15077	26796	21533	8801	3045	9828	
3689	704	2997	22074	17713	8790	25496	
3808	1157	3020	7468	21149	20115	13291	
15893	26775	3366	4049	1309	19421	
20708	23518	26599	270	809	13923	
27762	27311	3274	20658	15350	6388	22837	
12788	5777	11715	13050	4951	5328	14562	
12874	5396	25311	5525	3154	27617	224	
22453	2595	26509	19891	9483	25801	13211	
25185	17379	3385	27081	6876	912	
15959	12374	24518	25315	27234	18573	6649	
14645	26305	14184	9117	6928	8246	10221	
26071	2206	7447	19478	20020	19789	27667	
470	27590	3537	8612	
1164	8423	21518	16650	25225	20814	21984	
6326	27128	25760	
4097	1231	13612	23548	4709	12311	678	
2316	22258	25813	21319	26345	
7293	10896	6268	
27597	18486	16977	22781	18068	14444	
24014	11513	18086	24912	22827	21616	
8555	28404	17045	28647	14577	12416	27549	
16667	18047	21556	10675	5206	6162	
15126	21017	15243	17629	14078	27079	
14962	20866	28691	24470	20808	9018	
2347	1947	1611	12739	28146	22396	
1542	6263	8213	26829	5600	25127	
13665	12495	21555	
24664	19012	18179	3252	13778	11125	17671	
28032	5954	20632	27755	26689	9696	5929	
3809	12292	27011	8910	17162	26292	28668	
12933	27957	24142	14513	4172	8509	13557	
8224	27599	16098	23265	7033	6912	24920	
23461	7933	7373	4881	3178	12770	6218	
10415	26076	27651	23496	17063	7858	18907	
4829	4880	10987	26330	10188	12293	25810	
13702	16898	22345	28459	20995	12974	17891	
12536	13845	14407	27673	26478	24086	10877	
13255	24657	10640	
15200	19316	9599	6919	6956	25388	
1666	3432	21551	
20717	25443	26114	
14946	7683	20813	298	
5951	22321	9948	13323	
6266	24894	10471	14035	
152	4099	8099	5973	19411	9863	
16095	17588	26000	2598	
2176	11116	7513	14056	26909	
14839	26656	26964	
20403	28544	9749	1275	
24829	13077	4994	22814	1882	6637	
7902	27733	11573	
5507	24913	16410	
28528	10791	25586	
946	1130	19722	16729	23943	16718	24933	
16899	24504	6429	1333	21584	6840	5496	
26140	27910	18542	5465	15588	23637	
22625	22483	19947	28576	9895	6167	
16330	27236	24319	28687	9228	
17995	4315	17525	807	7509	19536	
7443	13786	14949	27301	21279	3894	
20234	15753	11127	12598	6834	
7155	6391	1736	9	22289	23155	
14832	5353	4805	310	13838	18361	
4486	13275	25181	22688	
26599	1513	20970	
18709	17427	20587	
21624	23246	15101	1303	
5826	23131	9229	16082	25806	16371	
24061	6906	14099	23875	27384	
2464	12040	3158	
11023	27894	20135	17197	6619	2163	
23079	20938	3676	15971	
5354	15961	26242	24871	22144	8124	
22164	3568	26674	
28126	8087	12459	18968	
22513	12177	2070	6202	8537	
27650	7520	7940	1034	15786	6255	
5834	3388	25348	1469	25203	19413	
19111	6497	20927	23609	28552	2839	
26088	27360	23728	21526	41	
18479	10479	18109	6705	26569	
2815	21233	23971	3257	25466	5962	
21412	12937	13700	13951	27828	17420	
13043	670	18814	
27446	1708	19283	28046	23174	
23867	24160	22217	13379	4542	19578	
6711	28303	8685	
891	7160	4674	5971	162	
16515	13257	26318	24521	
3888	12540	24356	6799	
14529	14865	12283	
28054	21945	24066	21158	26104	5946	
844	24221	18258	105	19904	15664	
6819	17643	21167	72	8561	
24074	10755	514	737	13011	
22116	13309	2460	10702	
23460	19840	4897	18635	5464	365	
21718	18278	15735	11907	3389	
17574	20737	717	1988	4485	8783	
22440	15354	8953	
3079	26894	9908	
7814	15089	9941	17172	12049	14328	
20253	13898	22367	9765	26119	26059	
972	26631	9429	19974	22246	23562	
3810	2553	19356	16852	7232	9490	
12409	19243	7600	16159	15752	9361	
9074	1146	792	8682	21926	28077	
8943	8992	654	5780	26924	12797	
20140	8235	7957	10583	27063	290	
15914	26579	7606	21419	25615	26100	
23735	19244	24621	24427	7382	6862	
25080	5304	10248	21277	5211	25347	
512	16528	22572	1939	17882	24932	
3948	24254	4619	18124	12975	17907	
4329	2180	2194	14052	25511	15274	
1816	12912	2701	19409	19001	11986	
13710	16100	13763	26126	24763	15515	
2548	25985	25087	19432	20015	22906	
10193	25655	20242	22151	17946	17004	
8782	6729	20785	21863	
27913	23229	268	5025	
5064	7713	9527	21294	2682	
14237	4288	7480	4086	12072	
5054	22686	18955	
2211	28185	13094	18555	21058	22918	
22838	19122	19221	683	
10760	3788	21983	18034	
14307	5645	7609	
28066	23929	26448	18002	5597	
16921	15345	28078	
27061	12853	19538	5842	26766	
6543	8047	613	6281	13396	20235	
10250	14190	5079	11219	
22153	14808	11838	19952	
16713	6784	9947	6616	
25783	21831	1162	
7596	23210	27952	12465	
15313	21530	2864	25130	
214	27580	16471	15180	
442	1318	16353	23769	15976	
26544	1683	6929	277	
24741	13789	21243	18991	
8376	25575	1526	5844	26145	
23605	23898	7875	19765	28152	19660	
15743	12884	26983	15590	27600	7792	
6335	14748	11313	4722	3149	
21573	6190	14609	19799	26497	12795	
24405	23766	17601	11136	17734	28677	
23987	5993	13693	
2088	28153	27936	22201	
4224	22216	24817	19701	17969	
10105	9877	13	1927	
9143	5566	12509	18877	
4758	27471	24342	
7017	11156	25995	15419	
14253	25023	22836	27926	
3275	11674	22905	1548	25407	
1921	5162	15642	18108	8964	
19533	3737	12026	780	22503	
6914	25878	27356	5423	21887	
13926	23594	11636	27183	18730	
3023	24144	8196	7362	19028	
17909	1314	21952	1716	
22189	19736	16234	
17399	7303	6759	
9419	13270	8535	22447	16939	
8673	3304	13873	5316	25739	
21394	3666	25273	11820	8334	
8286	20700	7752	26090	2830	
7990	18173	25605	18051	1888	
14857	5892	4673	503	4864	
17543	3954	19759	18161	4498	
10475	13097	27078	3718	15727	
11852	26781	24378	1669	21511	
10282	6968	6838	21620	23133	
17404	4992	11138	
12999	1605	21179	15171	
9559	20151	22098	10219	
10833	13007	6199	2084	19370	
26254	23124	856	582	22542	
1152	25533	21592	6292	15024	
24429	3037	20037	19830	10595	
3007	16553	16383	16602	10125	
16440	16171	4924	
8333	14363	16295	
5357	15245	22765	28232	
23553	4054	8236	27636	
20205	7974	9975	25138	
9352	21577	3111	14054	
9095	5034	18808	1332	
8228	16013	24440	1492	
2824	8094	22265	23371	
5330	12217	7242	10865	
5591	6690	19117	2434	
1030	26619	2097	26014	
28348	21808	6751	13470	9020	
19212	25232	1553	8863	474	
23363	21903	17198	17385	
3438	6488	10796	
4008	15906	17265	14518	20375	
5002	21498	8404	3194	
15527	5868	668	
741	4381	517	23296	
21771	21813	24311	18397	
9127	11977	11311	9439	
11825	16332	1562	10968	
9279	23655	4084	13048	
27086	20723	8448	7476	
23612	6409	8373	8085	
17952	26118	25963	24564	
13306	22740	23654	16737	
26475	9105	22943	
3209	7784	27613	10023	9979	
890	11277	22406	18791	13406	
25489	8107	24599	17332	
9270	22952	27614	
2262	4860	21214	1828	28431	
10622	5361	19076	28579	
21676	2957	8868	14043	
23060	2796	9253	1028	
17584	18112	6748	10820	
23327	6206	25950	17701	
10167	28535	21842	2092	
20924	23439	27704	21554	
18140	1592	16643	27661	
17416	27664	7477	
20784	22528	12233	4937	
812	7868	21510	16975	
26927	2643	26922	
622	24519	21608	
8736	6019	6521	6233	20870	
17305	7948	19480	
6223	3088	12699	
25589	26457	13715	
27744	12405	4678	
1226	11414	27937	20377	
13368	1907	12557	
7566	22017	9333	
25583	14288	21768	
23854	14271	8267	
22337	12143	18743	19824	
21828	9552	12591	
27718	8262	1691	
11292	9929	23874	24154	
14265	8231	21954	17594	
26351	25016	20315	17673	
12877	8221	6466	9277	
24257	28559	15059	26129	
9991	19196	26092	24426	7921	
1006	9848	15550	27765	18232	
9780	7720	13652	18396	28045	
8971	28085	24923	19074	9607	
22584	1328	4361	9598	6225	
22562	9558	798	18545	19345	
20043	20518	18432	9309	9557	
14787	20334	9509	27217	664	
12777	17289	9488	24788	14356	
15296	25620	13484	25100	9440	
10826	30	24026	9374	14915	
6351	20500	7042	15910	9332	
26005	20739	17002	9168	2927	
91	7517	25591	15230	1663	
10277	11506	9011	12655	23281	
9007	18149	14490	24341	2751	
1892	576	8346	8741	15262	
27363	850	26269	5306	7269	
8439	10420	19448	4644	25722	
334	8251	12909	25411	15955	
18804	26276	22692	8173	18937	
2036	24364	8014	21532	21447	
7977	1422	19674	25126	1399	
7315	6357	26197	27670	2520	
26456	16235	25519	7311	14322	
3665	725	12607	13234	21678	
6807	22825	6522	1135	18391	
13841	10593	6641	24500	18755	
10970	27551	6163	13583	12406	
6116	21384	20380	19767	23832	
131	11761	5744	3912	14860	
27701	16678	21857	22229	5603	
19619	10092	18678	2325	5444	
3467	25332	21213	5225	23526	
347	4640	2801	12903	22886	
464	4104	4135	10395	27623	
23677	454	22772	18033	1477	
11032	14918	4035	23546	17397	
3123	22165	26873	18517	19532	
11727	24157	28334	20084	28673	
17346	22031	16008	1743	28246	
11013	15094	11609	28238	24589	
23374	21661	2789	10514	25641	
12713	27595	2114	19943	18746	
22203	19309	21947	2694	12724	
26867	24575	17226	13108	26512	
1861	22288	12028	11074	25536	
16875	23817	2425	13010	13758	
1014	19046	16808	12702	23949	
15518	19165	11204	10117	23298	
23196	11585	18331	16128	15332	
11261	5927	19980	
22916	6930	8205	19827	
27075	2049	3712	
20340	5109	20525	13159	
4174	12287	7497	
4281	18441	20008	
18005	13577	10722	8630	
11697	11488	7693	
8948	2017	21212	10434	
21853	25786	21929	6045	
18148	22458	20486	
16467	23336	6585	5351	
14999	6841	3360	20718	
13522	8672	20409	28088	
18494	26900	19334	22094	
7012	3866	23614	
26184	222	6016	
15698	7266	10803	10300	
21875	13881	22211	11721	
17117	25086	10980	
17302	11054	4502	
19771	22012	21284	28001	
16277	27820	11709	27970	
25613	20524	97	
5178	27111	17252	699	
14351	14932	21773	6053	
83	15965	17432	
1095	6445	2631	
17038	16427	12501	5228	
14549	17778	2698	
2311	9804	26600	22107	
5560	7400	25738	
14651	17938	27535	
2998	1323	19552	12787	
3667	19234	27692	
26332	9694	27064	9072	
9481	7184	1214	10003	
14595	3649	926	16913	
3306	27043	14514	8485	
8266	6682	6695	19116	
7877	7575	2379	16017	
27186	14167	6595	24345	
639	139	21170	21217	
1822	6256	22256	14197	
21986	1468	5805	13959	
450	548	17234	1082	
4050	17019	22361	5185	
22865	4774	3483	17700	
23168	25535	4342	2388	
2323	10072	425	3674	
2685	17998	4178	16719	
3171	16404	25098	20558	
14955	28398	18087	21824	
28326	13430	23812	1509	
21564	1904	27038	19647	
21007	25270	2699	2513	
24640	1949	12208	19939	
2165	21202	18666	10104	
18171	17899	15672	17836	
10034	14824	16897	16337	
8660	4530	19523	
24351	20406	14734	
19198	10598	11517	
19083	16944	1239	12209	
27806	11586	20790	
2871	6504	12856	
12012	28594	10566	
11346	1531	3014	
9359	6048	14125	
22114	16614	28394	
7998	8497	15154	22815	
23172	23160	132	
15733	14111	16680	19206	
9725	3641	19751	
27062	7864	3113	22693	
3904	27272	3446	
14912	27890	1417	
18206	22426	14763	
23208	10443	22438	22316	
9186	18202	7973	11570	
3152	20199	21965	9116	
13448	8975	3380	25360	
8503	21063	18712	19013	
24685	18531	22876	4574	
15738	2844	4386	3394	
22366	3972	15929	17331	
9630	5692	16390	2047	
27516	28506	14500	
9757	6972	11665	19689	
2432	6829	11031	9354	
16507	24134	27407	17894	
15463	15264	12046	27018	
13212	14461	1172	24984	
10488	20176	15406	2462	
23557	10496	24233	11891	
13377	13292	14781	23755	
24616	15780	9565	
4180	23014	12475	
19713	2574	5372	
4908	4459	16793	28125	
11902	11083	12255	21153	
26843	17243	16866	
1396	349	18247	
20	6464	25882	
235	4244	26687	
7346	20783	18505	
25056	811	15571	1701	
25325	10101	7331	17873	
21183	4424	5401	5493	
13084	21050	3777	14883	
16044	3348	21673	27769	
2191	20443	21099	25050	
11018	1131	13610	11589	
12164	5955	4747	
11648	888	9415	5051	
16823	15454	979	
13596	6984	15967	
5441	17928	10470	
5363	27579	23944	
14891	3982	11949	
3690	14809	24592	
20797	28688	19043	
19871	27093	17842	
14815	2674	17912	
24205	2584	15201	
25343	14820	24318	
16915	23561	16665	
22347	20290	20987	
19034	8295	24745	18661	
3750	11228	2006	24604	
15271	1466	20531	
20820	14846	15035	
21504	13322	17246	
12396	12281	25182	
7188	20950	20825	12388	
11069	24	19724	5572	
10211	4877	5061	13716	
16150	14790	14195	
21723	17762	20967	
14707	14120	653	6548	
12205	19267	14647	12843	
19636	23078	17221	
16870	15863	10465	
5460	7895	5257	1618	
5173	20174	1078	12438	
4732	9154	20892	
17628	21486	28504	7263	
20472	23484	9346	27188	
8184	24089	28428	4405	
23442	13492	14058	14206	
9814	24305	26883	
9371	26111	712	
20827	23017	9282	
8820	18839	18121	
4090	26794	21087	
21552	28	22574	
26343	1512	21669	
19338	26058	359	
5223	24623	1996	27121	
27410	11315	17718	22064	
28028	21876	6411	
13140	27501	11782	
6494	15096	736	
4724	5085	1499	
6248	1117	4887	
9576	24005	19758	
15776	204	16336	3125	
6813	26396	4976	26202	
10408	18006	10045	
2634	5908	13513	23849	
28228	17024	3516	1081	
18215	28076	21628	3132	
23090	24009	11791	
525	19668	18902	12559	
22479	5765	4595	
22845	14016	18158	3990	
12053	9968	20347	
6954	26620	85	
2820	8028	10523	
5010	24963	6157	
27204	11370	489	
18928	24054	4198	
27907	27849	20815	
24562	14410	26677	
10812	18817	2354	
11878	15837	22911	
22914	9380	4363	28145	
20252	16539	21326	13895	
16784	17869	9914	
13581	8363	6286	
4690	20592	17756	
24406	20200	9720	
20148	7307	9431	
17924	8593	16563	
5554	27310	19048	
2198	4289	3124	
16223	19807	3168	
28371	28610	19790	
18122	17168	13921	
12444	13930	11557	
20789	18987	2426	
1905	15696	25455	19875	
727	26684	185	
11120	25897	5535	
4440	15153	15012	
11713	8984	26892	
1305	3338	21923	969	
26430	25262	17940	19629	
9995	17156	25020	
8621	16075	26237	
7111	2178	16479	
10114	6094	23386	
19930	4492	14937	
26233	23247	16123	
22436	2382	17542	
9789	5452	7560	
8408	24887	11497	
15930	9237	23382	
5770	21662	6331	
21728	16206	5017	
24299	14747	10612	
6950	7880	18345	
15502	28631	7489	
21652	15136	3627	
5952	22993	23031	
6554	20953	21304	
26668	16893	21135	
8659	8771	17529	
7133	5909	27989	
28468	13443	19610	
11706	27178	24646	
10385	12837	20697	
14541	27876	19659	
21507	27635	12728	
19358	18568	19373	
4451	14344	25097	
13339	20551	13398	
13971	4356	9969	17757	
27732	17288	9951	327	
5605	14522	11358	991	
9843	25895	7151	22266	
9838	2377	17376	4076	
12235	9817	701	7323	
18922	3312	17747	9786	
5451	7191	9710	402	
17268	75	3555	96	
19475	28171	9566	12474	
17008	9554	25990	18089	
14303	9553	4977	1351	
27385	9542	20330	26102	
24792	9470	19052	19522	
20371	10949	9467	2185	
19397	2327	942	9363	
9384	22251	16071	8241	
20451	9336	20694	25094	
9304	24245	8352	26032	
19072	10364	2628	9302	
13659	10075	9301	23725	
16194	23825	13989	9246	
9191	25376	3554	8924	
4044	21572	9115	18290	
9061	6318	19080	7539	
2774	15619	8991	24968	
26065	8986	24680	2489	
4776	12155	8942	839	
8840	28310	23559	2384	
19634	8823	3798	24525	
12851	12498	8813	3660	
16313	17586	20911	8762	
12652	8697	3055	2963	
869	24037	23623	15192	
8683	23871	12477	16483	
8603	26903	23940	226	
8589	4558	16609	22788	
8588	7094	28400	25499	
8581	5717	1199	6506	
8575	21370	17868	19329	
5689	8570	15331	2090	
15598	14616	851	14416	
17531	7885	8452	12772	
27986	8354	10504	11657	
3230	22190	21253	8209	
8178	22383	20342	3404	
8096	4437	13013	16748	
8086	22207	14782	22514	
4471	10179	8043	27288	
14754	28022	8000	7086	
1418	14290	27922	7995	
23239	2888	28307	7959	
10621	25811	15632	7824	
22832	4509	22871	7745	
1336	4695	7667	24295	
2896	19392	7656	10548	
25004	26779	7636	14698	
14996	7528	10853	17454	
22109	750	1855	25449	
14382	23610	7430	7488	
18938	24826	7409	7224	
3084	74	23617	2310	
10994	7378	19986	17709	
26912	21364	10998	7253	
7213	15881	6632	20260	
16770	21307	7182	18853	
4294	22348	7173	12377	
24967	14147	7147	24693	
17356	20353	14920	7143	
23519	27413	22481	7135	
10390	15384	7085	18320	
27428	7039	3796	17064	
17372	12695	4061	7034	
28177	21542	7010	22521	
5941	23515	7	26435	
693	2891	21852	12249	
19344	27466	6777	6514	
23071	5660	6671	18076	
5045	6635	18485	3289	
24007	5655	663	17274	
20393	6555	21619	27179	
6503	5307	17205	5516	
13500	6450	19300	17844	
26565	18732	401	6438	
14633	6389	18449	26289	
6385	26526	3504	22829	
2987	24906	6375	19258	
10602	6342	12735	26994	
629	16988	21417	18437	
6184	24253	2602	21559	
24936	14425	3160	6123	
6106	1252	12088	17282	
12198	5819	14530	22750	
5767	28157	22633	17725	
568	23443	18686	21612	
11226	5669	23045	5059	
12042	25727	1383	5659	
21281	4935	10604	5400	
5382	3680	14851	14603	
15033	15303	15475	5365	
3746	26431	5317	15679	
14282	5295	18491	358	
5267	14012	3201	15225	
5115	17600	3383	14230	
5072	10759	18868	2999	
2106	26158	4508	4960	
4958	14576	13573	14670	
4917	16251	3987	3927	
11735	20025	4870	24926	
21540	4825	4388	23670	
4800	16809	27166	1598	
4261	11457	26061	480	
4537	1900	2884	12250	
14676	4458	14248	18094	
13006	13250	15896	4419	
4407	23455	19150	23038	
217	13751	4376	24547	
4123	23960	21157	20745	
19603	4023	20881	13497	
3922	1665	26571	19194	
3848	11268	28164	27787	
3807	16449	26261	11471	
21404	150	17971	3713	
3593	22951	18213	18190	
28692	3497	1602	14305	
13223	3130	17681	15181	
20877	2967	10599	16342	
2883	21487	27470	2500	
24526	28611	12664	1008	
24672	1148	16570	28475	
28414	17690	14047	21655	
15402	27941	24809	2120	
11293	20022	19092	27901	
27869	12762	17210	27560	
24410	11966	22870	27475	
27472	2373	2195	13035	
21053	18226	27362	23762	
25691	25978	26865	27289	
2110	27025	10804	24631	
26874	18669	12691	13226	
13280	26871	26446	25454	
26517	20540	26201	15359	
11883	26212	14793	13564	
20414	20039	26073	12122	
23528	2606	25570	15764	
19582	23086	25838	23913	
25826	16221	20604	10271	
21605	12919	25560	2160	
16566	24362	1811	17565	
22548	24073	22670	13165	
19876	24001	18044	17128	
20379	13004	15051	23084	
14101	22880	1019	20150	
20956	14256	22428	18014	
15666	11979	2159	15110	
21345	11242	14474	14717	
20887	18530	13423	16682	
20663	10361	1821	15016	
20385	18484	17488	14166	
1421	19770	14840	16340	
19595	14434	17847	14126	
17467	19101	10368	14330	
11045	18909	10240	15621	
14413	10787	13075	17042	
3618	22698	16115	
24050	3444	5878	
5969	1047	13364	
20731	12859	19811	
9048	18548	25290	
21866	15891	15260	
18620	26091	26459	
19860	16469	12340	
6161	27912	6430	
27616	26722	13914	
18614	25640	10146	
13012	16394	22073	
21255	16591	17231	
8204	8894	19019	
15551	8416	13196	
23324	28514	1590	
9685	27259	11904	
5522	26150	25201	
17527	21310	14778	
24921	8108	7285	
10166	18204	17336	
3628	27021	22376	
13015	8664	28314	
8662	3139	21657	
15975	4128	18139	
2281	7481	22403	
23399	9102	11279	
8066	10652	18454	
19156	6481	23068	
12306	4073	28413	
19066	3193	15761	
25071	21902	19933	
23147	18737	27736	
6547	13403	10822	
27653	19382	20166	
12831	9618	5314	
5569	28276	10111	
15421	20672	14331	
11262	6839	4139	
17123	2552	11259	
14852	19912	6376	
1121	3502	25498	
7945	8093	17232	
4423	4982	24031	
22820	28430	13774	
27017	27172	23628	
11956	4703	19355	
1517	14280	8759	1389	
12437	5148	20254	7238	
15670	3410	6394	
11832	11499	20762	6008	
10768	7884	17138	
5594	19508	12698	
23151	8180	22713	
25953	25855	17602	
5970	4843	6179	
18872	14439	20073	
3093	28215	12858	
9524	684	15411	
5487	4203	25933	
11509	14432	3334	
26063	5942	18067	
3531	21413	13712	
22093	1391	18768	
5222	15740	24721	
10893	4666	10074	
9563	7387	1834	
14632	4583	2294	
22422	8345	8421	
9041	502	11193	
27335	9260	24436	
9993	24493	13434	
9977	28588	15918	
9942	9676	16653	
3449	7222	9784	
18000	17164	9779	
9695	23141	682	
519	9517	25280	
1475	722	9404	
9323	25291	20134	
4573	5120	885	
8848	16099	23768	
8816	22086	18371	
22922	27133	8732	
8384	3897	10160	
5766	8198	13800	
8163	14800	27023	
22398	8081	24819	
19155	22081	7738	
16345	7689	22028	
7537	14475	6750	
26498	27711	735	
7283	7082	28465	
4561	7134	14262	
7119	17802	27754	
19051	6967	25573	
12775	3872	6849	
25703	6689	19606	
6588	26154	15134	
632	16935	20358	
6127	10450	13887	
27860	6076	17418	
604	10898	10712	
5997	19591	10279	
17724	5876	25045	
3085	5855	28290	
5785	14704	26319	
25949	4335	5743	
5565	17805	27847	
24868	5523	22575	
10618	21259	5502	
5477	25608	17905	
27568	13925	5241	
25992	22940	5031	
4945	17898	17957	
20867	3126	49	
4863	15653	14129	
15114	11953	4600	
4398	1284	16879	
12986	17245	3880	
25602	3535	15718	
289	12032	22600	
18248	2889	16817	
22649	28374	25389	
20387	2829	21274	
25538	20263	27994	
27852	1722	27751	
27226	27547	27716	
27175	13093	2009	
27007	13496	15034	
20832	21492	26902	
11061	22726	26266	
25842	17753	24751	
25637	24854	10303	
20511	225	2544	
13593	23349	25351	
12569	17129	25192	
20819	24638	20635	
10982	10352	24480	
19576	2218	24258	
24079	19187	1325	
23368	23525	19644	
11532	2332	18986	
2277	11224	11806	
17478	2260	20376	
22540	11664	14654	
22435	11010	17611	
14123	13857	21392	
21016	19404	12476	
20520	19128	15188	
133	12560	19481	
14442	18896	17292	
18734	11599	17689	
12161	1604	17961	
14552	17530	11158	
13525	16454	16791	
14856	13527	15686	
13490	15338	11602	
12138	11556	13442	
16505	21418	21953	
6340	4082	25939	
21373	27543	14795	
28294	5794	10572	
28114	26009	16397	
749	21424	22330	
6943	27897	20964	
13905	26225	3064	
15836	8939	27173	
1140	10632	22187	
3041	3398	13488	
9896	9544	16227	
22667	20352	1277	
24238	19955	2278	
2190	4883	16552	
27396	9862	16012	
23462	20713	9802	
13005	9141	8571	
26007	8744	3324	
13376	13063	8310	
2230	21782	8090	
23312	11890	8033	
14264	18042	7794	
3715	7757	21491	
17096	6850	7678	
26539	3776	7069	
11200	6798	3244	
6519	23547	20327	
6378	3239	17286	
57	19217	20880	
5636	26955	12267	
13718	5582	13578	
17578	22322	5480	
13320	5397	18362	
10392	1070	4375	
15638	23107	42	
3967	25464	21476	
16741	3916	2245	
15091	3558	3877	
10042	26610	3169	
28599	20168	21075	
2809	26649	17111	
2411	12805	28009	
12456	27497	24310	
27132	26393	25685	
10657	16448	2619	
15478	26026	13803	
25027	25886	18954	
2072	22489	23122	
20521	16561	1259	
17144	1348	13171	
9305	11801	5140	
27680	1769	4221	
16392	19880	13303	
18598	26506	1066	
25307	18453	304	
11935	16568	11240	
3683	13123	27453	
18599	20536	8186	
13317	9925	4491	
4189	9561	20538	
9446	22309	14525	
23309	8811	7950	
8179	5008	1845	
21176	8056	20333	
8048	15227	10182	
1394	15704	804	
8037	6354	23435	
18233	7230	11141	
7197	11984	20009	
5327	6952	26538	
3608	26419	19662	
23414	28444	10481	
272	28288	22317	
27851	27349	27048	
18475	11955	27808	
27783	22590	14884	
20010	26673	12067	
21677	26482	23401	
25914	18022	12398	
21639	23192	24250	
23649	19739	2336	
1681	10373	23422	
12185	22315	14626	
19377	14185	19259	
16085	14431	18058	
23692	3493	18311	
25768	9662	17829	
5381	628	3847	
7616	12517	24767	
27700	9548	14779	
8834	22958	9484	
9201	23111	3793	
12701	8547	11306	
5413	26101	8159	
18856	6765	13560	
28565	5945	18851	
3854	22128	13520	
25386	12169	25867	
25763	23423	24462	
25754	22999	23702	
13475	25522	25550	
25202	20293	20761	
24617	21390	21810	
134	15875	24408	
10941	13708	22782	
22707	17927	11728	
11957	14320	2041	
19524	10129	14319	
13748	19229	1462	
1254	11720	15531	
22247	11844	21104	
3804	1017	5957	
18921	2865	21701	
14505	26037	28575	
24212	8320	16769	
16297	6734	16632	
26626	5113	12399	
22889	4665	20523	
1568	337	25298	
20401	10520	27654	
24807	25435	16652	
25149	21611	20937	
1869	18163	24451	
11642	22375	20923	
12754	2187	15277	
4562	16496	27898	
11276	26560	22161	
13514	13110	28062	
25044	13534	7645	
7001	6013	15856	
12204	13444	6214	
5786	13571	27047	
28572	24961	5629	
353	21489	538	
4898	4746	4788	
11604	12211	4651	
25226	23896	4476	
18960	3791	15871	
10818	3579	15113	
1083	23420	11884	
10649	14214	18506	
26849	10189	9519	
15470	21354	8557	
3526	12585	20505	
26004	1687	1449	
2147	24032	1079	
14314	1190	22860	
25531	21907	9636	
28619	23271	2733	
8118	24574	6338	
12360	5143	2337	
20099	2656	22793	
23715	20192	26507	
4237	9393	9963	
4752	6129	7385	
2641	702	13615	
12248	1150	6527	
28168	12337	2048	
17166	14774	9296	
3225	7399	22835	
24027	3030	6889	
17189	4871	20998	
22956	4352	18874	
10259	26835	23564	
15656	24065	16478	
1724	13143	14688	
17830	19143	20299	
390	7951	24747	
16519	27925	13676	
17099	26758	1549	
14926	1445	12752	
17364	11880	9196	
18996	4077	24959	
1829	21804	18337	
20744	24949	5967	
13805	4832	18974	
25794	28011	11594	
15626	18429	7357	
10753	6702	27245	
15286	28648	17017	
2760	22304	26586	
22901	26205	25775	
24778	2528	12823	
23947	17901	11541	
23599	14418	17686	
5000	4438	27001	
28689	18225	24943	
23959	18670	21679	
28093	9407	12957	
6495	24704	20948	
9954	15352	2138	
8064	18752	24841	
25547	26122	14114	
1895	25164	24905	
873	21402	20404	
2103	27659	26810	
10354	2274	21481	
18217	13227	21598	
20564	14093	9587	
9025	1726	11964	
12254	87	12294	
27578	25912	7071	
20968	22002	4421	
19801	19467	15211	
7360	9737	12056	
6645	5408	17273	
2498	4891	12236	
26682	25446	12931	
6285	14223	6726	
5836	1614	14634	
8065	9741	993	
560	18154	27764	
27918	9666	5769	
16542	16625	992	
21363	21827	14899	
7271	3255	13995	
19528	3236	22048	
432	5498	9215	
23429	12934	24400	
16982	22569	1589	
22132	27632	9972	
9965	7985	6485	
21457	18561	987	
8898	8554	9787	
9769	10910	6112	
27058	9717	22828	
9716	7048	3044	
12603	24495	9669	
23996	9654	21159	
26439	1179	9643	
21411	27834	9637	
13576	962	156	
9615	14342	11631	
15994	10749	9593	
11837	17915	9592	
9583	3547	1103	
9573	9326	11012	
2413	16949	9530	
8070	9486	12619	
18129	10130	9449	
12827	943	11554	
21816	18780	9392	
9378	24294	21151	
9350	24722	19822	
9321	20629	25335	
24524	93	24337	
14088	21003	927	
17208	5096	9259	
9249	4789	5849	
16339	9225	1329	
14426	9223	25832	
14625	26582	9208	
11908	11698	9202	
9156	19984	20202	
9113	27603	1223	
7919	9065	7084	
9060	24198	15446	
9059	14792	7262	
9042	6785	19728	
902	17863	19599	
9014	16161	11595	
8999	23967	25850	
6370	8990	12716	
11877	8958	5966	
1132	16165	8951	
252	10805	8906	
8905	6374	12764	
14567	15990	8903	
19	1102	8854	
14572	24413	8830	
22988	8781	16343	
8770	20395	3648	
1016	8714	4663	
10783	5147	8709	
11300	28197	8696	
868	13326	27485	
15762	8665	1246	
27174	16446	866	
8646	13559	1122	
13889	17516	8622	
14157	4120	8542	
25263	15991	8518	
19308	2437	8496	
27719	24501	8436	
1335	842	17871	
15348	5676	84	
23809	15364	8389	
18683	8364	26882	
8350	10463	16799	
27565	8329	23597	
21312	8311	782	
8306	3729	3498	
23410	8297	7026	
18048	8292	28255	
2365	6154	8244	
21206	19401	8216	
1032	8208	7037	
26277	28551	8176	
8170	26143	11564	
13185	8166	22595	
23899	8153	10631	
8143	25143	23991	
3996	14869	8069	
8053	15092	19435	
803	7563	26252	
20222	799	27672	
4088	19339	7954	
22071	6973	7943	
7905	12417	18883	
7888	18958	28261	
3885	15445	7860	
16586	7832	28154	
7817	53	25070	
22276	779	19874	
7777	2143	28070	
17750	7774	21795	
7658	23708	3345	
7638	20506	22204	
3322	7628	14872	
18673	16361	7599	
7565	28323	26344	
7553	19032	13953	
4195	24357	7525	
751	5472	21672	
11779	7506	23822	
11205	10147	7482	
7469	12693	20068	
18224	19458	7451	
7437	22747	28417	
28427	7419	21971	
336	7410	24945	
7370	25492	14503	
7343	27800	6762	
7302	15974	574	
7272	1977	4828	
4839	7258	12720	
19946	7234	13033	
16564	7225	6146	
21211	7211	28181	
26193	7202	24897	
6873	7201	7104	
20187	7200	13181	
15553	26133	7187	
18105	2860	7186	
7175	20245	16005	
12420	7174	18983	
7102	20453	10956	
7092	11738	16760	
22592	7054	28282	
7051	15784	28315	
7022	24979	6085	
7021	26433	3709	
27052	6990	6659	
20838	6953	19371	
1155	6917	17521	
6907	15482	26888	
28195	27002	6901	
27964	6895	1406	
6887	28297	19257	
201	3036	6860	
18790	4763	6859	
5430	1783	6851	
6821	17133	2717	
6775	10734	18636	
1696	21034	6772	
18575	6763	21583	
6745	15041	3407	
10870	25771	6736	
6692	19022	1572	
6675	27424	22231	
667	388	20096	
19859	6642	17712	
6612	15342	4577	
25951	1800	6597	
6583	5728	5922	
28176	11150	6575	
656	24291	5479	
24825	6491	21654	
6482	12850	13916	
6453	22663	14433	
4569	6434	27181	
17593	3576	6396	
6296	27196	3196	
11230	25971	6228	
6177	10613	26363	
5469	6152	19011	
6138	12570	10016	
15461	12152	6135	
16543	6133	3	
18343	6074	21055	
18953	5990	14135	
20780	5958	22573	
13600	5948	24822	
21901	5925	18131	
5886	19690	1002	
22925	12564	5875	
10490	58	18865	
22429	15209	5783	
11705	5775	12575	
1453	3631	5754	
15925	21883	5644	
10115	563	3200	
5494	25893	24246	
17139	27566	5471	
19903	5453	21755	
18657	5421	3652	
24955	539	19691	
5362	21260	23993	
536	10651	23394	
5339	17758	16118	
11137	21700	5286	
19274	526	25802	
12861	19427	5207	
5146	24507	4507	
5050	3101	3182	
10963	25909	499	
4988	10553	26929	
20256	11063	498	
21874	16025	4973	
4939	11166	23299	
14927	4892	26705	
4846	3495	23416	
16046	26255	4840	
473	22241	13730	
472	22810	27698	
4691	11135	23921	
469	15504	2930	
19969	468	16263	
4656	24409	4223	
13788	4624	3766	
23749	4553	19512	
28204	24414	4544	
4513	27893	24698	
2770	1271	4501	
4452	24450	20565	
11374	19977	4439	
4422	13936	21855	
16687	17520	4374	
4365	24438	23964	
28267	4355	2651	
3164	3181	4348	
4321	17692	19547	
14022	23463	4287	
4246	2981	16989	
24879	17223	4238	
421	144	25915	
4181	28266	11933	
415	27414	23447	
3395	20760	4119	
16151	20030	4102	
4079	27656	376	
12350	22538	4072	
23881	3981	12018	
25966	3959	17414	
19322	16856	3876	
3849	26850	20198	
3780	21892	19056	
3779	24090	10697	
28311	20965	377	
19966	18860	3748	
3726	12791	17041	
14245	14842	3723	
19833	3677	20381	
3636	25994	23403	
11873	18304	3571	
3475	12062	15431	
17278	1036	3469	
3321	28337	18253	
20384	1193	3240	
10736	3233	17738	
16882	321	18460	
24653	3065	28071	
28681	28242	15894	
17638	21416	286	
16734	14154	28563	
28536	2383	23081	
27831	28435	13585	
28241	13574	20276	
19063	14923	28190	
22620	10667	28182	
11203	13521	2818	
14182	28163	14050	
13834	2748	2816	
28133	19418	22433	
24180	1496	28123	
11672	19086	28122	
23740	24603	28096	
25459	28095	13215	
16626	28092	26627	
10745	28057	23493	
28048	17609	20996	
13028	18061	27916	
19679	23202	27882	
17820	21588	27881	
27850	21165	10445	
19182	27788	26006	
12778	11386	27772	
18989	23279	27743	
27702	22962	21861	
16460	27682	19866	
27652	14355	19424	
27631	12792	16408	
11724	27526	149	
16778	25671	27477	
15304	27462	10234	
27370	26169	14128	
27350	18564	15695	
15659	26247	27180	
27176	22790	11974	
14896	10586	27045	
19936	24723	27035	
16888	27016	16107	
23088	20489	27000	
22775	26974	26057	
2696	23302	14569	
26870	15368	11914	
26841	1552	16957	
13393	26784	10032	
14332	26776	17118	
20038	19233	26743	
26702	10063	21582	
26615	21604	1414	
26577	2	17851	
23703	14055	26536	
26533	2193	25846	
17016	1997	26356	
20603	26302	18815	
24953	26278	18245	
26168	2001	21143	
2616	16067	10888	
26036	25413	16517	
11382	21133	26030	
25084	25937	1431	
20560	15517	25883	
13188	25869	2027	
14777	11160	25845	
14570	25808	2131	
25714	17438	18523	
18134	12392	25631	
2561	151	17151	
25503	11809	16196	
18116	25414	17386	
1550	1634	25405	
17846	16402	25373	
19935	25296	17428	
10464	12520	25278	
24193	20778	25199	
25167	17573	16812	
17194	17053	25095	
20191	10790	25047	
10936	24989	1020	
10274	18407	24729	
14677	24687	20985	
24576	11695	20383	
11542	14116	2453	
11233	24482	19228	
11804	21049	24237	
17613	12947	24228	
11633	1740	24196	
19102	12493	24185	
24124	18368	1427	
16200	2201	24010	
23973	15280	21694	
23969	13349	21937	
23902	16135	11350	
23855	16042	1276	
12718	20417	23659	
13766	23061	23615	
23613	18347	1946	
2350	20507	11997	
23495	2240	10301	
23458	16574	15353	
20750	2341	18696	
13913	15279	23278	
15252	23259	19567	
13324	2314	10322	
21353	12656	23085	
15958	23062	1482	
21670	11899	2306	
23057	19708	22902	
22939	11128	1000	
10885	14713	22904	
16800	22899	20382	
2015	2283	17532	
15393	22527	16756	
19516	22501	13933	
18691	14034	22476	
2233	13990	12312	
16312	13562	22299	
22272	19171	12729	
13242	21739	21950	
10555	21814	13261	
21746	14027	12634	
21710	11932	18674	
11326	21636	18020	
20517	20060	21590	
20278	13619	21503	
21493	16432	1052	
21074	11611	20710	
20590	20836	10924	
20557	18640	10468	
16668	11876	20466	
19769	11912	20455	
13049	13862	20413	
20372	11701	16780	
18698	1586	20101	
15867	19630	17094	
11123	11976	19611	
18759	12596	19602	
19436	17408	15276	
19425	10728	18990	
19375	13149	16534	
16969	19341	1361	
11227	18720	11508	
12199	14637	18302	
1279	1785	18292	
1489	18189	17061	
15254	17865	13675	
17603	11179	17658	
17074	11464	17576	
16979	16594	13928	
16950	11917	15167	
10140	16858	16658	
16846	16011	15523	
12226	1219	16744	
12386	16623	16379	
16613	1412	12431	
12990	15496	14409	
15340	13394	14238	
10717	13069	14898	
10715	12826	14841	
14760	14136	14458	
12256	14691	12330	
14516	14143	1080	
10141	13252	12566	
11734	11134	1129	
total MDS  4408 with size >= 3