=========================
All first_branch. threshold 0.8
=========================
15142	19495	19168	21266	16084	4779	
14705	2346	1388	
1395	5128	6492	
21522	19842	12111	1407	27879	15796	5103	23293	
21174	5144	10151	9300	
22593	3137	1049	18684	
3698	700	12318	19354	
12253	10159	18798	18792	22895	
26290	5128	11938	
10233	24172	21169	11035	20888	
7023	18726	4475	12440	
26359	17730	18236	12973	
7493	3942	1062	10163	15246	
19323	27296	3419	
9218	14655	7277	
1620	11965	9193	20004	3001	12181	
20067	12104	13147	16835	10019	9699	23452	
14661	25402	12819	13145	
4930	9647	4847	
1995	6197	28678	6211	
26461	3137	21430	
9647	15325	25155	
26652	26769	6629	
1793	21517	19506	
302	25213	14972	26854	
20003	16513	6330	22703	1606	
9263	3813	6618	
26997	4955	27598	19495	4779	
28403	1473	14279	13657	
21522	18099	4277	17577	12111	27917	5103	
120	13131	28050	26982	
3137	5736	12973	
26329	6246	9390	
22313	2890	25926	
12572	20975	13617	4716	
14767	27521	15135	
10508	23251	24808	18317	
27805	26973	862	8640	
26804	4182	21878	
1793	27138	2956	
8853	21397	14555	
3755	23744	4779	
26135	26637	25957	19126	
25545	13331	21266	
11201	22606	6347	
15098	2271	26098	
19842	9134	19621	17079	7894	28490	
2946	19315	1242	4406	26217	
23765	1242	26217	
28483	16368	21745	
27150	27864	13982	
27561	14178	15376	
13199	20936	18684	
26084	27101	27317	
17733	5657	17633	
18805	14469	4187	8841	
11920	27423	20685	24148	
4163	14178	19608	
16518	19168	19495	4779	
14983	14422	19746	
4202	6175	20711	
19763	3137	25256	
15933	18184	22108	
2673	13411	816	
25488	20839	24691	
18497	6090	24848	
7052	10861	20400	
18183	2534	8568	
22008	18754	7310	
10508	3344	21038	
3590	12689	3420	7657	21809	14371	
10930	21580	16242	23676	
20160	16299	24759	
18612	6940	4446	
28546	15825	12034	
4955	4427	7172	
21266	22155	7511	
8529	25744	20298	
13350	24114	21634	
20326	14121	15827	13684	
2903	22210	27228	18082	
5865	2897	27838	17986	1153	
13963	2086	27980	
8892	12440	15314	
17786	25652	17204	
25	7769	5280	
22117	7273	27372	23337	24062	6958	8577	
18287	20554	24660	
19726	16861	27812	
8021	6360	21215	
6054	15703	26761	
14325	3527	1315	21367	
2576	28675	19495	27915	
2542	8063	4416	
21324	13854	6007	
24697	22492	22721	
28502	26997	19495	
5144	10151	28351	
26856	15465	21562	
12372	13565	19953	
24172	9040	11035	20888	
5865	1969	1153	
7058	1062	10163	
1885	20309	6246	
11965	5698	1620	3001	
25254	5131	4137	
25910	16084	12116	
18940	5904	2633	
11965	1620	26031	
12654	8356	24057	
26299	1791	12478	9159	
9686	2832	12324	
19495	19168	28213	4779	
20461	19665	26003	
2965	1804	6533	
21449	199	9585	
19168	19495	20359	
13867	18252	2497	
12697	11000	18749	20171	
9586	8882	6492	
12789	2653	9982	
2330	26359	25078	
14469	20577	1439	
16819	12111	18099	21522	27917	8289	
9133	21924	14690	
28102	16316	23053	
4303	12960	4274	
2663	9391	8131	
10151	23834	22125	
7163	14276	15658	11280	
14862	4427	4955	
23813	22243	19682	
24172	11035	13776	747	
12111	19842	21522	23293	27879	7043	1407	
26359	5529	25078	
21960	21093	4872	
4779	19270	15268	
18277	14661	19180	5130	
6626	20146	19272	6492	
14877	1995	6211	
21209	20758	19495	
263	1626	13253	
10187	28226	18015	
20888	2375	11035	24172	
16819	12111	18099	21522	15449	27917	
8386	17730	19168	16084	
4295	4479	26997	24103	
28675	19495	11618	27915	
22449	18166	3778	
19605	9024	27980	27540	
23729	9699	16835	23452	13147	
17389	12114	12818	
19559	9918	12034	
670	1375	13262	13043	13739	18814	
12317	3137	1693	
9535	7612	2409	
11680	24588	15365	
10149	19168	15443	
13790	10217	11035	
21266	6250	25442	4446	
23950	25751	19365	16694	
19290	14469	4187	
19058	11676	6492	
16462	10429	15616	
1133	18528	5817	
1680	19168	11206	
9024	13723	27540	
706	5904	2633	
19604	5991	10050	
11172	10061	5456	
5128	28389	6492	
13683	13670	15416	
26333	26084	9417	
3187	10163	15246	
21280	1062	10163	
15246	10163	27593	
25178	23771	21522	
3137	18266	11056	
20067	22739	12104	16835	
19336	10313	12687	
1680	12830	19168	
7236	16835	9699	13147	
18497	16722	24848	
17733	2150	10801	
27496	28577	3947	
8754	2903	18082	
21522	23023	17577	
7830	20925	20569	
17730	21750	16084	
7254	19385	19471	
27956	9570	1356	
15416	9281	27090	
9201	23111	3793	
total MDS  730 with size >= 3
--- 714.603125095 seconds ---