15142	1815	19495	13331	28502	21266	4779	
19495	2576	19168	11304	28213	4779	
5067	19495	11062	26652	6629	26769	4779	
26997	19495	27598	3755	21266	4779	
16518	21266	19495	4779	
19495	2576	27915	2534	28675	11618	
10431	1029	28432	19495	8949	
25796	19495	21681	
2576	21209	20758	19495	14386	
19495	2576	19213	13331	27915	28675	
967	19495	2576	27915	28675	11618	
17759	2576	25195	19495	
7900	2576	27915	19495	28675	
19495	2576	27915	43	28675	11618	
5736	17730	19495	17807	
28432	1029	6191	19495	
19495	2576	3427	14386	27915	28675	
5898	10591	19495	11618	
25195	19495	2576	27915	14780	28675	
4955	26997	19495	13487	4779	